ILLMESH0
1
1
1
1
1
0
8
12
0.845773 -4.65582 76.2305
0.308902 -0.69578 0.648437
0.951077 0.221861 -0.215014
-0.00567567 -0.683116 -0.730287
9 0 0 0
1 0 0 0
0 1

0.840992 -5.22504 75.622
0.308905 -0.695777 0.648438
0.951076 0.221861 -0.215018
-0.00573823 -0.683133 -0.730271
9 0 0 0
1 0 0 0
0 0

1.68985 -5.02702 75.4301
0.308902 -0.69578 0.648437
0.951077 0.221861 -0.215014
-0.00567567 -0.683116 -0.730287
9 0 0 0
1 0 0 0
1 0

1.69448 -4.45784 76.0386
0.308899 -0.695782 0.648435
0.951078 0.221864 -0.215007
-0.00554961 -0.683085 -0.730318
9 0 0 0
1 0 0 0
1 1

-0.702016 -5.22504 75.622
-0.3089 -0.69578 0.648437
-0.951077 0.221855 -0.215018
0.00574709 -0.683133 -0.730271
9 0 0 0
1 0 0 0
0 0

-0.706805 -4.65582 76.2305
-0.3089 -0.69578 0.648437
-0.951077 0.221856 -0.215017
0.00568423 -0.683119 -0.730285
9 0 0 0
1 0 0 0
0 1

-1.55088 -5.02703 75.43
-0.3089 -0.69578 0.648437
-0.951077 0.221856 -0.215017
0.00568423 -0.683119 -0.730285
9 0 0 0
1 0 0 0
1 0

-1.55551 -4.45785 76.0386
-0.3089 -0.69578 0.648437
-0.951077 0.221858 -0.215015
0.0055585 -0.683089 -0.730314
9 0 0 0
1 0 0 0
1 1

0 1 2
3 0 2
4 5 6
5 7 6
