ILLSKEL0
73
1 0 0 0
0 1 0 79.0048
0 0 1 -12.1038
0 0 0 1

0 0 1 0
0 1 0 0
-1 0 0 0
0 0 0 1

1 0 0 0
0 1 0 0
0 0 1 0
0 0 0 1

1 0 0 0
0 1 0 -2.79996
0 0 1 -0.168718
0 0 0 1

1 0 0 0
0 1 0 -20.9524
0 0 1 -3.84016
0 0 0 1

0.999992 -0.0038467 0.00131507 3.30721
0.00386048 0.999936 -0.0106419 -6.86996
-0.00127406 0.0106469 0.999943 10.7421
0 0 0 1

1 0 0 12.988
0 1 0 0.206085
0 0 1 5.66939
0 0 0 1

1 0 0 -12.988
0 -1 0 0.206085
0 0 -1 5.66939
0 0 0 1

0.999986 -0.00490397 0.00200453 -3.3072
0.00491991 0.999956 -0.00803511 6.87
-0.00196501 0.00804488 0.999966 -10.7421
0 0 0 1

1 0 0 0
0 1 0 -2.9749
0 0 1 -0.541116
0 0 0 1

1 0 0 0
0 1 0 -2.16428
0 0 1 -5.53095
0 0 0 1

1 0 0 0
0 1 0 -4.92976
0 0 1 -9.49881
0 0 0 1

1 0 0 0
0 1 0 -8.53691
0 0 1 -7.81548
0 0 0 1

1 0 0 0
0 1 0 -11.0619
0 0 1 -1.5631
0 0 0 1

-1 -0.000513067 0.000225847 13.2581
0.000555132 -0.850353 0.526212 -2.3614
-7.79322e-005 0.526212 0.850353 -0.563469
0 0 0 1

-1 0.000119356 0.000160855 3.08039e-007
-0.000119374 0.289891 -0.95706 23.8657
-0.000160857 -0.95706 -0.289891 1.6106e-007
0 0 0 1

1 0.000600291 -0.000183476 6.1496e-007
-0.00040139 0.836264 0.548326 12.3981
0.000482586 -0.548326 0.836264 -3.65223e-006
0 0 0 1

1 1.04694e-007 -1.97306e-008 1.853e-006
-7.6233e-008 0.988326 0.152356 12.4902
5.4972e-009 -0.152356 0.988326 1.05333e-006
0 0 0 1

1 3.02212e-012 -1.56427e-011 -1.39373e-007
1.27815e-013 1 -2.92646e-010 6.23624
4.8091e-012 -3.57655e-010 1 -10.071
0 0 0 1

-0.999992 0.0037581 -0.0015441 -13.2742
-0.00401451 -0.85544 0.517886 -2.3614
0.000625388 0.517888 0.855448 -0.563469
0 0 0 1

-1 -0.000246045 -0.000342877 7.03494e-007
0.000246086 0.320003 -0.947417 23.8657
0.000342848 -0.947417 -0.320003 7.77996e-007
0 0 0 1

0.999992 -0.00390362 -0.0011105 -6.77311e-007
0.00266296 0.42461 0.905373 12.3982
-0.0030627 -0.905368 0.424616 -2.08452e-006
0 0 0 1

1 1.0671e-007 1.6664e-007 1.83072e-007
-3.29982e-008 0.91915 -0.393907 12.4902
-1.97472e-007 0.393907 0.91915 1.51053e-006
0 0 0 1

0.999996 0.00281411 -0.000407089 0.0708828
-0.00281987 0.999885 -0.014925 6.14172
0.000365042 0.0149261 0.999889 -9.88437
0 0 0 1

1 0 0 0
0 1 0 -11.0918
0 0 1 11.6373
0 0 0 1

1 0 0 0
0 1 0 -4.18217
0 0 1 15.274
0 0 0 1

0.999934 0.0108285 -0.0038502 12.4656
-0.0107421 0.999705 0.0217966 -41.0948
0.00408513 -0.0217537 0.999755 -9.61794
0 0 0 1

0.999972 -0.00714117 0.00205534 1.071e-006
0.00695417 0.99678 0.079886 -17.737
-0.00261921 -0.0798694 0.996802 6.74505
0 0 0 1

1 -9.04528e-008 3.55259e-008 1.79102e-006
8.95848e-008 0.995854 -0.0909702 -9.24321
-2.83841e-008 0.0909702 0.995854 5.37106
0 0 0 1

0.998437 7.66285e-008 -0.0558904 -3.73125
-1.21626e-007 1 -3.91323e-008 2.60571
0.0558904 2.51112e-009 0.998437 1.17603
0 0 0 1

1 -1.78514e-015 -1.4032e-015 0.316612
2.71241e-015 1 -3.17229e-016 0.0647537
-2.79175e-015 -4.98676e-016 1 5.11982
0 0 0 1

1 -1.78514e-015 -1.4032e-015 1.457
2.71241e-015 1 -3.17229e-016 -3.23858
-2.79175e-015 -4.98676e-016 1 4.3908
0 0 0 1

0.945204 6.03931e-008 0.326479 0.140221
-1.11682e-007 1 -5.67535e-009 2.60571
-0.326479 -7.31703e-008 0.945204 -0.161201
0 0 0 1

1 7.54632e-016 -5.47778e-015 0.28687
3.40707e-016 1 2.40446e-015 0.65989
-7.99202e-015 2.31086e-015 1 5.67514
0 0 0 1

1 7.54632e-016 -5.47778e-015 -0.545174
3.40707e-016 1 2.40446e-015 -2.91404
-7.99202e-015 2.31086e-015 1 5.81955
0 0 0 1

0.81618 4.18984e-008 0.577798 4.64901
-6.47542e-008 1 -2.39695e-008 2.71049
-0.577798 -4.50673e-008 0.81618 -0.214209
0 0 0 1

1 -2.61212e-015 2.02308e-008 0.351214
3.97797e-016 1 -1.2937e-016 0.234876
-2.02308e-008 -5.88125e-016 1 5.22138
0 0 0 1

1 -2.61212e-015 2.02308e-008 -0.521007
3.97797e-016 1 -1.2937e-016 -2.5581
-2.02308e-008 -5.88125e-016 1 5.30238
0 0 0 1

0.586417 6.10242e-008 -0.810009 -4.48732
-1.31832e-007 1 2.42307e-008 2.52695
0.810009 4.39169e-008 0.586417 -3.06425
0 0 0 1

1 1.27955e-016 -2.1626e-008 0.665566
2.6765e-015 1 -1.06265e-015 0.0931167
2.1626e-008 1.01763e-015 1 5.07988
0 0 0 1

1 1.27955e-016 -2.1626e-008 1.19157
2.6765e-015 1 -1.06265e-015 -2.93095
2.1626e-008 1.01763e-015 1 4.03514
0 0 0 1

0.999972 0.00703055 -0.00255828 -12.4656
-0.00699356 0.999875 0.0141814 41.0948
0.00265763 -0.0141632 0.999896 9.61792
0 0 0 1

0.999998 -0.0020041 0.000881431 1.0916e-005
0.00209867 0.992128 -0.125211 17.7369
-0.000623539 0.125212 0.99213 -6.74505
0 0 0 1

1 -1.03166e-007 -1.17931e-007 2.90906e-005
1.25646e-007 0.995222 0.0976376 9.24325
9.44969e-008 -0.0976376 0.995222 -5.37105
0 0 0 1

1 -1.49817e-007 2.88131e-008 3.60694
-1.48051e-007 -0.999766 -0.0216154 -2.427
3.09151e-008 0.0216154 -0.999766 -0.716848
0 0 0 1

1 1.95665e-019 -3.54907e-015 -0.0300011
-3.5487e-015 1 -3.55271e-015 0.0647503
-1.86771e-019 -3.5529e-015 1 5.12956
0 0 0 1

1 1.95665e-019 -3.54907e-015 -1.2093
-3.5487e-015 1 -3.55271e-015 -3.23858
-1.86771e-019 -3.5529e-015 1 4.4653
0 0 0 1

1 -1.49817e-007 2.88131e-008 -0.264555
-1.48051e-007 -0.999766 -0.0216154 -2.3981
3.09151e-008 0.0216154 -0.999766 0.62007
0 0 0 1

1 1.95665e-019 -3.54907e-015 -2.124
-3.5487e-015 1 -3.55271e-015 0.65989
-1.86771e-019 -3.5529e-015 1 5.27049
0 0 0 1

1 1.95665e-019 -3.54907e-015 -1.3846
-3.5487e-015 1 -3.55271e-015 -2.91404
-1.86771e-019 -3.5529e-015 1 5.6787
0 0 0 1

1 -1.49817e-007 2.88131e-008 -4.77335
-1.48051e-007 -0.999766 -0.0216154 -2.5017
3.09151e-008 0.0216154 -0.999766 0.675332
0 0 0 1

1 1.95665e-019 -3.54907e-015 -3.3036
-3.5487e-015 1 -3.55271e-015 0.23488
-1.86771e-019 -3.5529e-015 1 4.0587
0 0 0 1

1 1.95665e-019 -3.54907e-015 -2.6384
-3.5487e-015 1 -3.55271e-015 -2.5581
-1.86771e-019 -3.5529e-015 1 4.6287
0 0 0 1

1 -1.49817e-007 2.88131e-008 4.36295
-1.48051e-007 -0.999766 -0.0216154 -2.25661
3.09151e-008 0.0216154 -0.999766 3.52074
0 0 0 1

1 1.95665e-019 -3.54907e-015 3.7245
-3.5487e-015 1 -3.55271e-015 0.0931202
-1.86771e-019 -3.5529e-015 1 3.51804
0 0 0 1

1 1.95665e-019 -3.54907e-015 2.5697
-3.5487e-015 1 -3.55271e-015 -2.93095
-1.86771e-019 -3.5529e-015 1 3.3315
0 0 0 1

1 0 0 0
0 1 0 4.45295
0 0 1 15.14
0 0 0 1

1 0 0 0
0 1 0 -8.60904
0 0 1 13.062
0 0 0 1

1 0 0 0
0 1 0 -14.8432
0 0 1 -7.42158
0 0 0 1

1 0 0 0
0 1 0 -27.106
0 0 1 10.692
0 0 0 1

1 0 0 0
0 1 0 -9.16412
0 0 1 26.6242
0 0 0 1

1 0 0 0
0 1 0 -8.03895
0 0 1 11.4997
0 0 0 1

1 0 0 0
0 1 0 -2.97041
0 0 1 -2.41573
0 0 0 1

1 0 0 0
0 1 0 -16.9467
0 0 1 9.64384
0 0 0 1

1 9.91552e-009 0 -0.0412097
0 0.986223 -0.165423 -46.4773
9.91552e-009 0.165423 0.986223 -17.7816
0 0 0 1

4.12405e-008 1.483e-008 1 0.0412097
-0.998205 -0.0598985 1.75845e-008 -0.329813
0.0598985 -0.998205 1.87771e-008 0.0631278
0 0 0 1

0.999994 -0.00345522 7.7573e-008 0.151978
0.0034552 0.999994 8.63861e-008 -0.0998574
-9.41747e-008 -6.78656e-008 1 -6.04185e-009
0 0 0 1

0.997164 -0.0752575 -1.16866e-007 0.0561287
0.0752575 0.997164 -1.15538e-007 -0.0197283
1.31505e-007 9.86363e-008 1 1.16376e-009
0 0 0 1

1.1758e-008 -1 2.59962e-007 0.737744
-1.51193e-007 -2.74608e-007 -1 -0.0394621
1 1.67357e-008 -1.55195e-007 -6.82832e-008
0 0 0 1

3.10509e-008 -0.999822 -0.0188482 0.282961
7.02149e-008 0.0188482 -0.999822 0.515631
1 5.4034e-008 8.31622e-008 2.71683
0 0 0 1

3.10509e-008 -0.999822 -0.0188482 0.0147445
7.02149e-008 0.0188482 -0.999822 0.359378
1 5.4034e-008 8.31622e-008 -2.71602
0 0 0 1

1 -2.12153e-017 -4.12178e-017 3.34412
-3.51603e-018 1 0 -0.181532
2.28204e-016 -8.32667e-017 1 -0.929094
0 0 0 1

0.0502974 -0.998734 0.000138876 -3.38573
-0.998734 -0.0502973 0.000144936 -0.138536
-0.000137755 -0.00014598 -1 -0.929094
0 0 0 1

1
2
-1
0
3
6
3
3
7
0
9
10
11
12
13
14
15
16
17
13
19
20
21
22
4
24
5
26
27
28
29
30
28
32
33
28
35
36
28
38
39
8
41
42
43
44
45
43
47
48
43
50
51
43
53
54
3
56
57
58
58
58
61
62
61
64
65
66
67
67
67
64
64
Body
origin
<MD5_Root>
Chest
Abdomen
Luparm
LShldr
Rshldr
Ruparm
Waist1
Waist2
Waist3
Hips
Hips2
Lupleg
Lloleg
Lankle_r
Lfoot_r
Ltoe_r
Rupleg
Rloleg
Rankle_r
Rfoot_r
Rtoe_r
Belly
Neck_Flesh
Lloarm
Lhand_r
Lpalm_r
Lindex1
Lindex2
Lindex3
Lmid1
Lmid2
Lmid3
Lpinky1
Lpinky2
Lpinky3
Lthumb1
Lthumb2
Lthumb3
Rloarm
Rhand_r
Rpalm_r
Rindex1
Rindex2
Rindex3
Rmid1
Rmid2
Rmid3
Rpinky1
Rpinky2
Rpinky3
Rthumb1
Rthumb2
Rthumb3
Waist
Head
Head2
Chin_Flesh
Forehead_Flesh
Mouth_Piece
Jaw
Chin
drool
drool1
drool2
drool3
drool4
drool5
drool6
joint13
joint14
