ILLSKEL0
35
-0.127898 0.991787 1.95623e-008 26.1506
-0.991786 -0.127898 -5.56626e-007 -2.04801
-7.02428e-007 1.19149e-006 0.999999 0.0140927
0 0 0 1

-6.40121e-007 0 1 -0
0 -1 0 0.01643
1 0 -6.40121e-007 -0.006044
0 0 0 1

1 0 0 0
0 0 1 0
0 -1 0 0
0 0 0 1

1 0 0 0
0 1 0 0
0 0 1 0
0 0 0 1

0.962451 -0.271454 0.000144553 6.03333e-006
0.271454 0.962451 -0.00112597 4.13058
0.000166494 0.00112291 0.999999 -2.29935e-006
0 0 0 1

0.989264 0.146137 0.000166113 1.03305e-005
-0.146137 0.989264 0.00112355 7.97754
-1.24305e-007 -0.00113575 0.999999 -6.39423e-007
0 0 0 1

0.752654 -0.658417 -1.07398e-006 1.32807e-005
0.658417 0.752654 -1.0493e-006 13.4876
1.5065e-006 8.59291e-008 1 -8.03154e-007
0 0 0 1

0.999635 -0.0270167 -7.9488e-006 3.02277
8.02071e-006 2.55279e-006 1 10.4642
-0.0270167 -0.999635 2.76856e-006 -8.02278
0 0 0 1

0.996212 -0.0869551 1.23115e-007 -9.42206e-006
0.0869551 0.996212 1.01659e-009 12.9109
-1.22737e-007 9.6929e-009 1 5.88117e-006
0 0 0 1

0.992421 0.122843 0.0031133 -0.0312682
-0.122883 0.992049 0.0271708 11.1936
0.000249213 -0.0273475 0.999626 0.0103852
0 0 0 1

0.767312 -0.641265 -0.00335308 0.0545962
0.59721 0.712673 0.368017 0.0184536
-0.233607 -0.284387 0.929813 -0.0151328
0 0 0 1

0.928806 0.370566 2.04004e-008 7.04577e-006
-0.370566 0.928806 -3.88774e-006 3.96853
-1.44445e-006 3.60394e-006 1 3.97992e-006
0 0 0 1

0.999475 -0.0288968 -0.0146521 -3.86451e-006
0.0313007 0.977967 0.206399 5.34864
0.00836503 -0.206749 0.978358 8.21181e-006
0 0 0 1

0.999719 0.022412 0.00775484 -1.36381e-006
-0.0199837 0.97217 -0.233424 2.43855
-0.0127705 0.233203 0.972344 -7.71415e-007
0 0 0 1

0.999396 -0.034762 1.21553e-005 3.13904
1.23e-005 3.95019e-006 -1 10.4641
0.0347617 0.999396 4.37536e-006 7.9065
0 0 0 1

0.99656 -0.0828694 -1.5563e-006 1.18748e-006
0.0828695 0.99656 -1.27249e-006 13.3793
1.6564e-006 1.13914e-006 1 7.2288e-006
0 0 0 1

0.993077 0.117304 -0.00606191 0.0282277
-0.117461 0.991741 -0.0514919 10.9914
-2.83788e-005 0.0518475 0.998655 0.0208741
0 0 0 1

0.759651 -0.650331 -2.98361e-005 6.12845e-006
0.602606 0.703922 -0.375977 -0.125166
0.244531 0.285594 0.926629 -0.0665302
0 0 0 1

0.89618 0.44369 2.57415e-006 -1.46703e-006
-0.44369 0.89618 8.69909e-006 4.2241
1.54545e-006 -8.91099e-006 1 -8.32471e-006
0 0 0 1

1 -6.12945e-006 -2.82154e-005 -4.95533e-006
3.71142e-006 0.996387 -0.0849247 5.16058
2.8634e-005 0.0849247 0.996387 -0.000157377
0 0 0 1

1 2.38654e-006 5.80378e-007 1.4545e-006
-3.71202e-006 0.990645 0.136471 2.49386
-7.45194e-008 -0.136471 0.990645 -4.69538e-006
0 0 0 1

-0.999232 0.0391898 -8.82312e-007 -1.26967
-0.0391898 -0.999232 2.46559e-006 3.9521
-7.75394e-007 2.51177e-006 1 5.2412
0 0 0 1

0.982399 -0.186796 -1.60049e-006 8.80323e-006
0.186796 0.982399 7.43321e-008 13.0743
1.53451e-006 -3.45907e-007 1 -2.87556e-006
0 0 0 1

0.454603 0.890694 -3.2647e-006 -0.0353846
-0.890694 0.454603 6.1097e-007 14.1489
2.06422e-006 2.64009e-006 1 -1.84911e-007
0 0 0 1

0.868896 0.494994 -7.86882e-006 1.68338e-005
-0.494994 0.868896 -1.60137e-005 4.09731
-1.089e-006 1.78094e-005 1 -2.0064e-005
0 0 0 1

0.998599 0.0529241 -2.90319e-006 7.46852e-005
-0.0529241 0.9986 2.28058e-005 3.4253
2.82588e-006 -2.26202e-005 1 -7.7844e-005
0 0 0 1

-0.999232 0.0391898 -8.82312e-007 -1.26966
-0.0391898 -0.999232 2.46559e-006 3.95209
-7.75394e-007 2.51177e-006 1 -5.22329
0 0 0 1

0.982398 -0.186801 5.80381e-007 9.09894e-006
0.186801 0.982398 6.02503e-007 13.0744
-6.64996e-007 -5.03369e-007 1 -3.35246e-006
0 0 0 1

0.454616 0.890687 -5.27807e-006 -0.0353974
-0.890687 0.454616 5.42129e-007 14.1489
2.85897e-006 4.44829e-006 1 0.0125313
0 0 0 1

0.868886 0.495012 9.63873e-006 1.76472e-005
-0.495012 0.868886 1.27958e-005 4.09729
-2.04093e-006 -1.58894e-005 1 -1.89179e-005
0 0 0 1

0.998599 0.0529241 -3.80155e-006 -4.51252e-005
-0.0529241 0.9986 -1.11185e-005 3.42531
1.92752e-006 1.13041e-005 1 3.81571e-005
0 0 0 1

0.674326 -0.738434 2.34778e-005 -4.18302e-006
0.738434 0.674326 -4.78599e-005 4.94397
1.95023e-005 4.96131e-005 1 7.15918e-006
0 0 0 1

-0.999719 -0.00775481 -0.0224126 -8.98745
0.0199843 0.233425 -0.972169 2.99054
0.0127707 -0.972344 -0.233205 -1.39824
0 0 0 1

-0.554894 -0.819736 0.141864 31.7085
0.828111 -0.560563 4.98166e-008 3.19356
0.0795229 0.117478 0.989886 11.0048
0 0 0 1

0.999993 -0.00335667 -0.00163395 0.00384529
0.0033527 0.999991 -0.00240815 -11.0268
0.00164204 0.00240262 0.999996 0.100911
0 0 0 1

1
2
3
-1
0
4
5
5
7
8
9
10
9
12
5
14
15
16
17
16
19
0
21
22
23
24
0
26
27
28
29
6
12
1
33
pubis
origin
<MD5_Hierarchy>
<MD5_Root>
pelvis
spine
neck
upperarm.L
forearm.L
wrist.L
thumb.L
thm_end.L
fingers.L
fingerstip.L
upperarm.R
forearm.R
wrist.R
thumb.R
thm_end.R
fingers.R
fingerstip.R
thigh.R
shin.R
ankle.R
toe.R
tiptoe.R
thigh.L
shin.L
ankle.L
toe.L
tiptoe.L
head
lamp
sheath
sword
