ILLSKEL0
58
4.28908e-008 1.0101e-007 1 2.10068e-009
0.880666 -0.473738 7.7064e-009 7.59813e-006
0.473738 0.880666 -1.09873e-007 1.15323e-009
0 0 0 1

1 5.65929e-010 1.69731e-009 -1.95548e-009
-5.64449e-010 1 6.71735e-013 6.11578
-1.69762e-009 -6.49851e-013 1 1.44279
0 0 0 1

1 -7.81106e-011 -1.2978e-011 -2.76134e-008
7.85909e-011 0.99613 0.0878938 7.8338
5.92329e-012 -0.0878938 0.99613 9.25081e-007
0 0 0 1

0.998351 0.00504141 0.0571874 1.59453e-008
0.0138359 0.945645 -0.324906 8.72107
-0.0557169 0.325161 0.944016 3.08171e-007
0 0 0 1

0.998351 0.0138312 -0.0557148 0
-4.83944e-009 0.970541 0.240936 5.54223e-013
0.057406 -0.240539 0.968941 8.98495e-014
0 0 0 1

1 0 0 -0.052684
0 1 0 0.683353
0 0 1 9.77947e-008
0 0 0 1

1 0 0 0
0 1 0 44.9718
0 0 1 6.4405e-006
0 0 0 1

1 0 0 0
0 1 2.02816e-007 0
0 -2.02816e-007 1 0
0 0 0 1

1 0 0 0
0 1 0 0
0 0 1 0
0 0 0 1

1.65742e-007 -1.1149e-006 1 -3.35156e-009
0.0590031 -0.998258 -1.13796e-006 0.503568
0.998258 0.0590031 -1.14022e-007 -1.30446
0 0 0 1

1 5.66047e-010 1.69729e-009 0.00180649
-5.64049e-010 1 1.00851e-012 9.3393
-1.69776e-009 -9.78278e-013 1 3.17652
0 0 0 1

1 3.49166e-013 3.79116e-015 -4.44253e-009
-9.15826e-014 1 -9.95656e-012 -2.72818e-006
-1.08174e-013 -9.95656e-012 1 -6.82788e-007
0 0 0 1

1 -2.48442e-010 1.54276e-009 0.00180649
-1.3624e-010 0.969218 0.246207 9.61544
-1.55751e-009 -0.246207 0.969218 3.40971
0 0 0 1

1 0 0 0.0679386
0 1 0 0.0106278
0 0 1 -0.157675
0 0 0 1

1 0 0 0
0 1 0 5.47118e-013
0 0 1 -1.53152e-013
0 0 0 1

-0.350583 0.159183 0.922904 4.937
-0.0344064 -0.986973 0.157164 -1.7519
0.935899 0.0233451 0.351493 0.703342
0 0 0 1

0.166408 -0.119552 -0.978783 -2.4639
0.105169 0.989113 -0.102934 20.3942
0.980432 -0.0858086 0.17717 -1.76982
0 0 0 1

-0.325826 0.523381 0.787344 8.36015e-007
-0.298824 0.733085 -0.610975 18.3903
-0.896963 -0.434349 -0.0824589 -2.81282e-006
0 0 0 1

0.947741 0.269486 0.170777 -2.42588e-007
-0.0835622 0.726267 -0.682315 5.1123
-0.307904 0.632387 0.710832 7.35831e-007
0 0 0 1

0.99977 0.0214325 -1.00452e-008 2.478e-007
-0.0214324 0.999764 -0.00345906 5.07137
-7.41293e-005 0.00345826 0.999994 3.28924e-008
0 0 0 1

-0.312444 -0.164733 -0.935544 -4.937
0.0316651 -0.986108 0.163062 -1.75193
-0.949408 0.0213236 0.31332 0.70334
0 0 0 1

0.166361 0.119204 0.978833 2.46465
-0.104825 0.989179 -0.102648 20.4371
-0.980477 -0.0855296 0.177056 -1.76903
0 0 0 1

-0.379367 -0.505209 -0.775142 -5.98272e-007
0.285323 0.733061 -0.617424 18.3488
0.880154 -0.455396 -0.133951 -2.42864e-006
0 0 0 1

0.954277 -0.255522 -0.155126 1.96209e-007
0.0835561 0.726275 -0.682307 5.1123
0.287009 0.638148 0.714418 8.75847e-007
0 0 0 1

0.999658 -0.0261486 -2.43868e-008 -1.9034e-006
0.0261485 0.999652 -0.00345907 5.07137
9.0471e-005 0.00345787 0.999994 4.05239e-007
0 0 0 1

0.998351 2.53567e-009 0.057406 0.405863
0.0138312 0.970541 -0.240539 0.16523
-0.0557148 0.240936 0.96894 6.61607
0 0 0 1

1 -7.81106e-011 -1.2978e-011 4.02468
7.85909e-011 0.99613 0.0878938 5.99335
5.92329e-012 -0.0878938 0.99613 6.98254
0 0 0 1

1 -7.81106e-011 -1.2978e-011 -4.25236
7.85909e-011 0.99613 0.0878938 6.12118
5.92329e-012 -0.0878938 0.99613 6.97126
0 0 0 1

-0.0643424 0.984895 0.160751 2.89393
-5.15913e-008 -0.161085 0.986941 2.99548
0.997928 0.0635021 0.0103647 3.21636e-007
0 0 0 1

0.0643392 0.997928 2.69096e-008 -3.4408e-007
-0.984896 0.063499 -0.161085 4.79975
-0.160752 0.0103641 0.986941 4.83553e-007
0 0 0 1

-0.106302 -0.815671 -0.568666 7.52249e-009
0.986727 -0.0159287 -0.161603 0.0209958
0.122757 -0.578297 0.806538 -1.72676e-006
0 0 0 1

0.878658 0.313352 0.360237 0.131793
-0.321958 0.946007 -0.0375927 11.8226
-0.352567 -0.0829501 0.932103 0.357787
0 0 0 1

0.662177 0.746571 0.0644446 0.0116041
-0.714936 0.65519 -0.244115 9.80436
-0.224472 0.115573 0.967603 0.595208
0 0 0 1

0.954306 0.0949215 0.283356 -9.56488e-008
-0.196541 0.913637 0.355864 5.95431e-007
-0.225106 -0.395295 0.890545 -4.36632e-008
0 0 0 1

-0.8007 0.351312 -0.485241 -3.44809
0.599046 0.476047 -0.643835 2.54777
0.00481034 -0.8062 -0.591624 -0.916098
0 0 0 1

0.720487 -0.691952 -0.0458482 1.61447
0.690356 0.721941 -0.0470167 0.222885
0.065633 0.00222332 0.997841 -0.00608348
0 0 0 1

0.287348 -0.957826 0.000101156 2.02021
-0.957826 -0.287348 0.000135922 0.054517
-0.000101138 -0.000135931 -1 -0.0335889
0 0 0 1

-0.646283 0.194013 -0.738022 -2.15771
0.741456 0.388349 -0.5472 3.89085
0.180446 -0.900857 -0.394836 -0.0443744
0 0 0 1

0.685365 -0.7282 -1.92508e-009 1.83172
0.7282 0.685365 -1.33835e-007 0.0819746
8.72019e-008 9.06479e-008 1 0.00662184
0 0 0 1

0.287348 -0.957826 0.000382749 2.05074
-0.957826 -0.287348 0.00051435 0.121897
-0.000382704 -0.000514428 -1 -0.0835542
0 0 0 1

0.255541 0.959881 -0.115442 -1.31818e-006
-0.352396 -0.0187137 -0.935664 1.92086
-0.900287 0.279782 0.333476 3.06702e-006
0 0 0 1

1 8.52762e-008 -2.73381e-008 -0.061755
-6.51091e-008 0.975124 0.221663 0.161475
6.35783e-009 -0.221663 0.975124 -1.5048
0 0 0 1

0.994305 -0.0989972 -0.0394539 0.0419992
0.0881812 0.972171 -0.217043 -0.0275094
0.0598426 0.212328 0.975364 -1.49297
0 0 0 1

-0.0643416 -0.984898 -0.160738 -2.89393
-1.5614e-008 -0.161072 0.986943 2.99543
-0.997928 0.0635015 0.0103636 1.86772e-006
0 0 0 1

0.0643448 -0.997928 -1.56116e-008 3.25815e-007
0.984897 0.0635046 -0.161071 4.79974
0.160738 0.0103641 0.986943 2.86606e-006
0 0 0 1

-0.556739 0.829972 0.0344799 5.82275e-009
-0.0672226 -0.00364328 -0.997731 0.021
-0.827963 -0.557794 0.0578212 1.48948e-006
0 0 0 1

0.985855 -0.0261765 -0.165542 -0.0689227
0.0711192 0.959728 0.271779 11.8032
0.151761 -0.279708 0.948015 -0.0144561
0 0 0 1

-0.374397 0.109053 -0.920833 -0.0607375
0.746667 0.624299 -0.229649 9.81059
0.549831 -0.773536 -0.315162 -0.344182
0 0 0 1

0.993617 -0.0168424 -0.111545 -3.45455e-007
0.0366835 0.983292 0.1783 -5.49203e-007
0.106678 -0.181253 0.977633 1.7029e-007
0 0 0 1

-0.800703 0.351314 -0.485235 3.44809
-0.599042 -0.476064 0.643826 2.54781
-0.00481869 0.80619 0.591638 -0.916123
0 0 0 1

0.720487 -0.691951 -0.0458482 -1.61445
0.690356 0.721941 -0.0470166 -0.22288
0.0656329 0.00222323 0.997841 0.00610197
0 0 0 1

0.287348 -0.957826 0.000591188 -2.02019
-0.957826 -0.287348 0.000794591 -0.0544965
-0.00059123 -0.000794557 -1 0.0335766
0 0 0 1

-0.646287 0.194015 -0.738018 2.15775
-0.74145 -0.388367 0.547196 3.89085
-0.180458 0.900849 0.394849 -0.0443309
0 0 0 1

0.685365 -0.7282 -9.88705e-009 -1.79284
0.7282 0.685365 -1.07312e-007 -0.182422
9.88109e-008 1.90186e-008 1 -0.049764
0 0 0 1

0.287348 -0.957826 0.000590954 -2.05069
-0.957826 -0.287348 0.000794625 -0.121784
-0.000591307 -0.000794371 -1 0.083497
0 0 0 1

0.255546 0.949807 -0.18045 -2.61444e-006
0.352377 0.0823038 0.932232 1.92089
0.900293 -0.301815 -0.313657 1.23754e-006
0 0 0 1

1 -1.5333e-007 -5.24251e-007 -0.107126
2.05564e-007 0.990151 0.140007 -0.291773
5.51369e-007 -0.140007 0.990151 1.50748
0 0 0 1

0.994305 -0.0807582 -0.0695351 -0.0420216
0.088181 0.989867 0.111295 0.027447
0.0598426 -0.116793 0.991352 1.49296
0 0 0 1

1
2
3
4
5
6
7
8
-1
10
2
12
2
14
6
13
15
16
17
18
13
20
21
22
23
4
3
3
2
28
29
30
31
32
33
34
35
33
37
38
33
40
41
2
43
44
45
46
47
48
49
50
48
52
53
48
55
56
Loneck
loneckadjust
Shoulders
Chest
Waist
SPINNER
Body
origin
<MD5_Root>
Head
headcontrol
Jaw
jawadjust
Hips
Body2
Lupleg
Lloleg
Lankle_r
Lball_r
Ltoe_r
Rupleg
Rloleg
Rankle_r
Rball_r
Rtoe_r
Belly
Lrib
Rrib
Lshldr
Luparm_orbit
Luparm
Lloarm
Lhand
Lhand1
Lfings1
Lfings2
Lfings3
Lindex1
Lindex2
Lindex3
lthumb1
Lthumb2
Lthumb3
Rshldr
Ruparm_orbit
Ruparm
Rloarm
Rhand
Rhand1
Rfings1
Rfings2
Rfings3
Rindex1
Rindex2
Rindex3
Rthumb1
Rthumb2
Rthumb3
