ILLSKEL0
58
-2.49826e-008 1.19155e-007 1 2.06973e-009
0.880666 -0.473738 4.56616e-008 -5.13621e-007
0.473738 0.880666 -1.28236e-007 2.66564e-009
0 0 0 1

1 5.65195e-010 1.69685e-009 -2.01739e-009
-5.65258e-010 1 -9.8112e-013 6.11576
-1.69709e-009 1.003e-012 1 1.44279
0 0 0 1

1 -7.75682e-011 -1.241e-011 -2.75856e-008
7.85433e-011 0.99613 0.0878939 7.8338
6.08917e-012 -0.0878939 0.99613 4.79196e-007
0 0 0 1

0.998351 0.00504141 0.0571874 3.5994e-008
0.0138359 0.945645 -0.324906 8.72107
-0.0557169 0.325161 0.944016 7.0573e-007
0 0 0 1

0.998351 0.0138312 -0.0557148 0
-2.81441e-009 0.970541 0.240936 4.83169e-013
0.057406 -0.240539 0.968941 -2.27374e-013
0 0 0 1

1 0 0 -0.052684
0 1 0 0.683353
0 0 1 8.13932e-008
0 0 0 1

1 0 0 0
0 1 0 44.9718
0 0 1 5.36109e-006
0 0 0 1

1 0 0 0
0 1 1.78814e-007 0
0 -1.78814e-007 1 0
0 0 0 1

1 0 0 0
0 1 0 0
0 0 1 0
0 0 0 1

1.53799e-007 -1.08934e-006 1 -3.3843e-009
0.059003 -0.998258 -1.14643e-006 0.503567
0.998258 0.0590031 -1.43145e-007 -1.30446
0 0 0 1

1 5.64946e-010 1.69672e-009 0.00180649
-5.65261e-010 1 -1.47078e-012 9.33927
-1.69696e-009 1.501e-012 1 3.17652
0 0 0 1

1 3.63165e-013 -1.08174e-013 2.97552e-009
-9.15826e-014 1 -9.95656e-012 -2.72818e-006
-1.08174e-013 -9.95656e-012 1 1.22456e-006
0 0 0 1

1 -2.49627e-010 1.5414e-009 0.00180649
-1.38262e-010 0.969217 0.246206 9.61541
-1.55618e-009 -0.246206 0.969217 3.4097
0 0 0 1

1 0 0 0.0679386
0 1 0 0.0106278
0 0 1 -0.157675
0 0 0 1

1 0 0 0
0 1 0 4.76064e-013
0 0 1 0
0 0 0 1

-0.350583 0.159183 0.922904 4.937
-0.0344063 -0.986973 0.157164 -1.7519
0.935899 0.0233451 0.351493 0.703342
0 0 0 1

0.166408 -0.119552 -0.978783 -2.4639
0.105169 0.989113 -0.102934 20.3941
0.980433 -0.0858086 0.17717 -1.76982
0 0 0 1

-0.325826 0.523381 0.787344 4.4156e-007
-0.298824 0.733085 -0.610975 18.3903
-0.896963 -0.434349 -0.0824589 -1.67583e-006
0 0 0 1

0.947741 0.269486 0.170777 1.33495e-006
-0.0835622 0.726267 -0.682315 5.1123
-0.307904 0.632387 0.710832 2.63153e-007
0 0 0 1

0.99977 0.021433 1.91468e-008 1.53713e-006
-0.0214329 0.999764 -0.00345906 5.07138
-7.41622e-005 0.00345828 0.999994 4.29574e-008
0 0 0 1

-0.312444 -0.164733 -0.935543 -4.937
0.031665 -0.986108 0.163062 -1.75193
-0.949408 0.0213236 0.31332 0.70334
0 0 0 1

0.166361 0.119204 0.978833 2.46465
-0.104825 0.989179 -0.102648 20.4371
-0.980477 -0.0855296 0.177056 -1.76902
0 0 0 1

-0.379367 -0.505209 -0.775142 -4.99173e-007
0.285323 0.733061 -0.617424 18.3488
0.880154 -0.455396 -0.133951 -2.71588e-006
0 0 0 1

0.954277 -0.255522 -0.155126 -5.34018e-007
0.0835562 0.726275 -0.682307 5.1123
0.287009 0.638148 0.714418 3.34112e-007
0 0 0 1

0.999658 -0.0261487 -3.18685e-008 -7.51571e-007
0.0261486 0.999652 -0.00345906 5.07137
9.04786e-005 0.00345789 0.999994 4.18509e-007
0 0 0 1

0.998351 -2.04131e-010 0.057406 0.405863
0.0138312 0.970541 -0.240539 0.165229
-0.0557148 0.240936 0.96894 6.61607
0 0 0 1

1 -7.75682e-011 -1.241e-011 4.02468
7.85433e-011 0.99613 0.0878939 5.99334
6.08917e-012 -0.0878939 0.99613 6.98254
0 0 0 1

1 -7.75682e-011 -1.241e-011 -4.25236
7.85433e-011 0.99613 0.0878939 6.12117
6.08917e-012 -0.0878939 0.99613 6.97126
0 0 0 1

-0.0643425 0.984895 0.160751 2.89393
-7.01716e-008 -0.161085 0.986941 2.99547
0.997928 0.0635022 0.0103647 4.83972e-007
0 0 0 1

0.0643393 0.997928 3.21832e-008 -5.3382e-007
-0.984896 0.063499 -0.161085 4.79975
-0.160752 0.0103641 0.986941 4.42353e-006
0 0 0 1

-0.106302 -0.815671 -0.568666 7.52249e-009
0.986727 -0.0159287 -0.161603 0.0209958
0.122757 -0.578297 0.806538 -1.72676e-006
0 0 0 1

0.878658 0.313352 0.360237 0.131792
-0.321958 0.946007 -0.0375927 11.8226
-0.352567 -0.0829502 0.932103 0.357786
0 0 0 1

0.662177 0.746571 0.0644446 0.0116044
-0.714936 0.655191 -0.244115 9.80436
-0.224472 0.115573 0.967603 0.595204
0 0 0 1

0.954306 0.0949211 0.283356 -2.61045e-006
-0.196541 0.913637 0.355864 -8.46004e-007
-0.225106 -0.395295 0.890545 -3.13354e-006
0 0 0 1

-0.8007 0.351313 -0.485241 -3.44808
0.599046 0.476047 -0.643834 2.54777
0.00481048 -0.8062 -0.591624 -0.9161
0 0 0 1

0.720487 -0.691952 -0.0458482 1.61447
0.690356 0.721941 -0.0470167 0.222883
0.0656329 0.00222325 0.997841 -0.00608385
0 0 0 1

0.287348 -0.957826 0.000101166 2.02021
-0.957826 -0.287348 0.000135974 0.0545208
-0.000101191 -0.000136014 -1 -0.0335886
0 0 0 1

-0.646283 0.194013 -0.738023 -2.15771
0.741456 0.388349 -0.547199 3.89085
0.180446 -0.900857 -0.394836 -0.0443767
0 0 0 1

0.685365 -0.7282 -2.39028e-008 1.83172
0.7282 0.685365 -1.15866e-007 0.0819776
1.57643e-007 6.2295e-008 1 0.00662145
0 0 0 1

0.287348 -0.957826 0.000382752 2.05075
-0.957826 -0.287348 0.000514376 0.121898
-0.000382745 -0.000514388 -1 -0.0835555
0 0 0 1

0.255541 0.959881 -0.115442 2.28691e-006
-0.352396 -0.0187141 -0.935664 1.92086
-0.900287 0.279782 0.333476 3.5569e-007
0 0 0 1

1 1.78569e-007 -1.92927e-008 -0.0617591
-1.5603e-007 0.975123 0.221663 0.161473
8.50016e-008 -0.221663 0.975123 -1.5048
0 0 0 1

0.994305 -0.0989974 -0.0394539 0.0420013
0.0881814 0.972171 -0.217043 -0.0275108
0.0598426 0.212328 0.975364 -1.49297
0 0 0 1

-0.0643417 -0.984898 -0.160738 -2.89393
1.26852e-008 -0.161071 0.986943 2.99542
-0.997928 0.0635015 0.0103636 2.03005e-006
0 0 0 1

0.0643448 -0.997928 -1.98012e-008 4.17571e-007
0.984898 0.0635047 -0.161071 4.79974
0.160738 0.0103641 0.986943 6.89909e-006
0 0 0 1

-0.556739 0.829972 0.0344798 5.82275e-009
-0.0672226 -0.00364327 -0.997731 0.021
-0.827963 -0.557794 0.0578212 1.48948e-006
0 0 0 1

0.985855 -0.0261764 -0.165542 -0.0689296
0.0711192 0.959729 0.271779 11.8032
0.151761 -0.279708 0.948015 -0.0144549
0 0 0 1

-0.374397 0.109053 -0.920833 -0.060738
0.746667 0.624299 -0.229649 9.81059
0.549832 -0.773536 -0.315162 -0.344182
0 0 0 1

0.993617 -0.0168428 -0.111545 3.15674e-007
0.036684 0.983292 0.1783 -1.35154e-006
0.106678 -0.181253 0.977633 -2.94897e-006
0 0 0 1

-0.800703 0.351314 -0.485235 3.44809
-0.599042 -0.476064 0.643826 2.54781
-0.00481865 0.80619 0.591638 -0.916125
0 0 0 1

0.720487 -0.691951 -0.0458483 -1.61444
0.690356 0.721941 -0.0470166 -0.222876
0.0656328 0.00222307 0.997841 0.00610209
0 0 0 1

0.287348 -0.957826 0.00059117 -2.02019
-0.957826 -0.287348 0.000794684 -0.0544936
-0.000591319 -0.000794609 -0.999999 0.033576
0 0 0 1

-0.646287 0.194015 -0.738018 2.15775
-0.74145 -0.388367 0.547196 3.89085
-0.180458 0.900849 0.394849 -0.0443326
0 0 0 1

0.685365 -0.7282 -5.71621e-008 -1.79284
0.7282 0.685365 -1.0773e-007 -0.182425
2.15548e-008 7.84392e-008 1 -0.0497648
0 0 0 1

0.287348 -0.957826 0.000590979 -2.0507
-0.957826 -0.287348 0.000794624 -0.121784
-0.000591287 -0.000794407 -0.999999 0.0834979
0 0 0 1

0.255546 0.949807 -0.18045 -2.14374e-006
0.352376 0.0823037 0.932232 1.92089
0.900293 -0.301815 -0.313657 -2.76907e-007
0 0 0 1

1 -3.32496e-007 -7.78361e-007 -0.107122
3.45663e-007 0.990151 0.140007 -0.291775
7.74948e-007 -0.140007 0.990151 1.50748
0 0 0 1

0.994305 -0.080758 -0.0695349 -0.0420174
0.0881809 0.989867 0.111295 0.0274472
0.0598423 -0.116793 0.991352 1.49297
0 0 0 1

1
2
3
4
5
6
7
8
-1
10
2
12
2
14
6
13
15
16
17
18
13
20
21
22
23
4
3
3
2
28
29
30
31
32
33
34
35
33
37
38
33
40
41
2
43
44
45
46
47
48
49
50
48
52
53
48
55
56
Loneck
loneckadjust
Shoulders
Chest
Waist
SPINNER
Body
origin
<MD5_Root>
Head
headcontrol
Jaw
jawadjust
Hips
Body2
Lupleg
Lloleg
Lankle_r
Lball_r
Ltoe_r
Rupleg
Rloleg
Rankle_r
Rball_r
Rtoe_r
Belly
Lrib
Rrib
Lshldr
Luparm_orbit
Luparm
Lloarm
Lhand
Lhand1
Lfings1
Lfings2
Lfings3
Lindex1
Lindex2
Lindex3
lthumb1
Lthumb2
Lthumb3
Rshldr
Ruparm_orbit
Ruparm
Rloarm
Rhand
Rhand1
Rfings1
Rfings2
Rfings3
Rindex1
Rindex2
Rindex3
Rthumb1
Rthumb2
Rthumb3
