ILLMESH0
1
1
1
1
1
0
96
144
9.9998 10 0.063334
0.006333 0 -0.99998
-0.99998 0 -0.006333
0 -1 0
0 0 0 0
1 0 0 0
0 1

9.9998 -10 0.063334
0.006333 0 -0.99998
-0.99998 0 -0.006333
0 -1 0
0 0 0 0
1 0 0 0
0 0

-9.9998 -10 -0.063334
0.006333 0 -0.99998
-0.99998 0 -0.006333
0 -1 0
0 0 0 0
1 0 0 0
1 0

-9.9998 10 -0.063334
0.006333 0 -0.99998
-0.99998 0 -0.006333
0 -1 0
0 0 0 0
1 0 0 0
1 1

-10.1898 10 29.9361
-0.006333 0 0.99998
0.99998 0 0.006333
-4.76818e-008 -1 -3.01975e-010
0 0 0 0
1 0 0 0
0 1

-10.1898 -10 29.9361
-0.006333 0 0.99998
0.99998 0 0.006333
-4.76818e-008 -1 -3.01975e-010
0 0 0 0
1 0 0 0
0 0

9.8098 -10 30.0627
-0.006333 0 0.99998
0.99998 0 0.006333
-4.76818e-008 -1 -3.01975e-010
0 0 0 0
1 0 0 0
1 0

9.8098 10 30.0627
-0.006333 0 0.99998
0.99998 0 0.006333
-4.76818e-008 -1 -3.01975e-010
0 0 0 0
1 0 0 0
1 1

-9.9998 -10 -0.063334
0 -1 0
0.99998 0 0.00633338
0.00633341 0 -0.99998
0 0 0 0
1 0 0 0
0 0

9.9998 -10 0.063334
0 -1 0
0.99998 0 0.0063334
0.00633341 0 -0.99998
0 0 0 0
1 0 0 0
1 0

9.8098 -10 30.0627
0 -1 0
0.99998 0 0.00633338
0.00633341 0 -0.99998
0 0 0 0
1 0 0 0
1 1

-10.1898 -10 29.9361
0 -1 0
0.99998 0 0.00633335
0.00633341 0 -0.99998
0 0 0 0
1 0 0 0
0 1

9.9998 -10 0.063334
0.99998 -0 0.006333
6.36646e-013 1 -1.00658e-010
0.006333 0 -0.99998
0 0 0 0
1 0 0 0
0 0

9.9998 10 0.063334
0.99998 0 0.006333
0 1 0
0.006333 0 -0.99998
0 0 0 0
1 0 0 0
1 0

9.8098 10 30.0627
0.99998 -0 0.006333
6.36646e-013 1 -1.00658e-010
0.006333 0 -0.99998
0 0 0 0
1 0 0 0
1 1

9.8098 -10 30.0627
0.99998 -0 0.006333
1.90994e-012 1 -3.01975e-010
0.006333 0 -0.99998
0 0 0 0
1 0 0 0
0 1

9.9998 10 0.063334
0 1 0
-0.99998 0 -0.00633338
0.00633335 0 -0.99998
0 0 0 0
1 0 0 0
0 0

-9.9998 10 -0.063334
0 1 0
-0.99998 0 -0.0063334
0.00633335 0 -0.99998
0 0 0 0
1 0 0 0
1 0

-10.1898 10 29.9361
0 1 0
-0.99998 0 -0.00633338
0.00633335 0 -0.99998
0 0 0 0
1 0 0 0
1 1

9.8098 10 30.0627
0 1 0
-0.99998 0 -0.00633335
0.00633335 0 -0.99998
0 0 0 0
1 0 0 0
0 1

-10.1898 10 29.9361
-0.99998 0 -0.006333
-6.36646e-013 -1 1.00658e-010
0.006333 0 -0.99998
0 0 0 0
1 0 0 0
0 1

-9.9998 10 -0.063334
-0.99998 0 -0.006333
0 -1 0
0.006333 0 -0.99998
0 0 0 0
1 0 0 0
0 0

-9.9998 -10 -0.063334
-0.99998 0 -0.006333
-6.36646e-013 -1 1.00658e-010
0.006333 0 -0.99998
0 0 0 0
1 0 0 0
1 0

-10.1898 -10 29.9361
-0.99998 0 -0.006333
-1.90994e-012 -1 3.01975e-010
0.006333 0 -0.99998
0 0 0 0
1 0 0 0
1 1

9.7471 -10.0388 39.9628
0.006333 0.009953 -0.99993
-0.99998 -3.45956e-010 -0.00633332
6.29429e-005 -0.99995 -0.0099528
0 0 0 0
1 0 0 0
0 0

-10.2525 -10.0388 39.8361
0.006333 0.009953 -0.99993
-0.99998 -3.45956e-010 -0.00633332
6.29429e-005 -0.999951 -0.00995281
0 2 0 0
0.027621 0.972379 0 0
1 0

-10.2538 9.96025 40.0352
0.006333 0.009953 -0.99993
-0.99998 -3.45956e-010 -0.00633332
6.29429e-005 -0.99995 -0.0099528
0 2 0 0
0.003428 0.996572 0 0
1 1

9.74584 9.96025 40.1619
0.006333 0.009953 -0.99993
-0.99998 -3.45956e-010 -0.00633332
6.29429e-005 -0.999951 -0.00995281
0 2 0 0
0.08474 0.91526 0 0
0 1

9.62044 -10.2378 59.9614
0.99998 -0 0.006333
-6.30323e-005 0.99995 0.0099528
0.00633269 0.00995288 -0.99993
0 2 0 0
0.096069 0.903931 0 0
0 1

9.7471 -10.0388 39.9628
0.99998 -0 0.006333
-6.30319e-005 0.999951 0.00995274
0.00633269 0.00995288 -0.99993
0 0 0 0
1 0 0 0
0 0

9.74584 9.96025 40.1619
0.99998 -0 0.006333
-6.30323e-005 0.99995 0.0099528
0.00633269 0.00995288 -0.99993
0 2 0 0
0.08474 0.91526 0 0
1 -0

9.61918 9.76119 60.1605
0.99998 -0 0.006333
-6.30331e-005 0.999951 0.00995293
0.00633269 0.00995288 -0.99993
0 2 0 0
0.097106 0.902892 0 0
1 1

9.62044 -10.2378 59.9614
-0.006333 -0.009953 0.99993
0.99998 -2.86794e-010 0.00633332
6.29898e-005 -0.99995 -0.0099528
0 2 0 0
0.096069 0.903931 0 0
1 0

9.61918 9.76119 60.1605
-0.006333 -0.009953 0.99993
0.99998 3.45956e-010 0.00633332
6.29894e-005 -0.999951 -0.00995281
0 2 0 0
0.097106 0.902892 0 0
1 1

-10.3804 9.76119 60.0338
-0.006333 -0.009953 0.99993
0.99998 -2.86794e-010 0.00633332
6.29898e-005 -0.99995 -0.0099528
0 2 0 0
0.002262 0.997738 0 0
0 1

-10.3792 -10.2378 59.8348
-0.006333 -0.009953 0.99993
0.99998 -1.5523e-009 0.00633332
6.29906e-005 -0.999951 -0.00995281
0 2 0 0
0.014456 0.985544 0 0
0 0

-10.3804 9.76119 60.0338
-6.3e-005 0.999951 0.009953
-0.99998 3.7102e-008 -0.00633335
0.00633297 0.00995319 -0.99993
0 2 0 0
0.002262 0.997738 0 0
1 1

9.61918 9.76119 60.1605
-6.3e-005 0.99995 0.009953
-0.99998 3.7102e-008 -0.00633335
0.00633297 0.0099532 -0.99993
0 2 0 0
0.097106 0.902892 0 0
0 1

9.74584 9.96025 40.1619
-6.3e-005 0.999951 0.009953
-0.99998 3.7102e-008 -0.00633335
0.00633297 0.00995319 -0.99993
0 2 0 0
0.08474 0.91526 0 0
0 0

-10.2538 9.96025 40.0352
-6.3e-005 0.99995 0.009953
-0.99998 3.7102e-008 -0.00633335
0.00633297 0.0099532 -0.99993
0 2 0 0
0.003428 0.996572 0 0
1 -0

-10.3792 -10.2378 59.8348
-0.99998 0 -0.006333
6.30319e-005 -0.99995 -0.00995274
0.00633269 0.00995293 -0.99993
0 2 0 0
0.014456 0.985544 0 0
1 1

-10.3804 9.76119 60.0338
-0.99998 0 -0.006333
6.30319e-005 -0.999951 -0.00995274
0.00633269 0.00995293 -0.99993
0 2 0 0
0.002262 0.997738 0 0
0 1

-10.2538 9.96025 40.0352
-0.99998 0 -0.006333
6.30319e-005 -0.99995 -0.00995274
0.00633269 0.00995293 -0.99993
0 2 0 0
0.003428 0.996572 0 0
0 -0

-10.2525 -10.0388 39.8361
-0.99998 0 -0.006333
6.30319e-005 -0.999951 -0.00995274
0.00633269 0.00995293 -0.99993
0 2 0 0
0.027621 0.972379 0 0
1 0

9.62044 -10.2378 59.9614
6.3e-005 -0.999951 -0.009953
0.99998 -3.58365e-008 0.00633322
0.00633297 0.00995319 -0.99993
0 2 0 0
0.096069 0.903931 0 0
1 1

-10.3792 -10.2378 59.8348
6.3e-005 -0.99995 -0.009953
0.99998 -3.52037e-008 0.00633316
0.00633297 0.0099532 -0.99993
0 2 0 0
0.014456 0.985544 0 0
0 1

-10.2525 -10.0388 39.8361
6.3e-005 -0.99995 -0.009953
0.99998 -3.58365e-008 0.00633322
0.00633297 0.0099532 -0.99993
0 2 0 0
0.027621 0.972379 0 0
0 0

9.7471 -10.0388 39.9628
6.3e-005 -0.999951 -0.009953
0.99998 -3.7102e-008 0.00633335
0.00633297 0.00995319 -0.99993
0 0 0 0
1 0 0 0
1 0

9.5571 -10.3373 69.9607
0.999997 0.001887 0.001266
0.00124329 0.0119891 -0.999927
0.00190027 -0.999942 -0.0105594
0 3 0 0
0.003707 0.996293 0 0
1 0

9.53055 9.68499 70.1501
0.999996 0.001304 0.002406
0.00238916 0.0127674 -0.999916
0.0013267 -0.999954 -0.00945861
2 3 0 0
0.000947 0.999053 0 0
1 1

9.50666 9.55732 80.1493
0.999997 0.001546 0.001932
0.00191333 0.0119903 -0.999926
0.00156632 -0.999943 -0.0105598
0 3 0 0
0.015575 0.984421 0 0
0 1

9.54949 -10.441 79.894
0.999997 0.002132 0.000789
0.00076671 0.0104359 -0.999945
0.0021419 -0.999916 -0.0127621
0 3 0 0
0.06661 0.93339 0 0
0 0

-10.4438 9.66167 70.0331
-0.001879 0.9999 0.01402
0.00407249 0.0140276 -0.999893
0.999992 0.0018292 0.00356383
0 3 0 0
0.008855 0.991145 0 0
1 1

-10.4932 9.5151 80.101
-0.002146 0.999892 0.014547
0.0049143 0.0145574 -0.999882
0.999995 0.00211107 0.00241585
0 3 0 0
0.001368 0.998547 0 0
0 1

9.50666 9.55732 80.1493
-0.001511 0.99991 0.013294
0.00407362 0.0133001 -0.999903
0.999993 0.00146381 0.00355895
0 3 0 0
0.015575 0.984421 0 0
0 0

9.53055 9.68499 70.1501
-0.001242 0.999918 0.012764
0.00238924 0.0127669 -0.999916
0.999982 0.0011673 0.00585841
2 3 0 0
0.000947 0.999053 0 0
1 -0

-10.4425 -10.3373 69.8341
-0.999997 -0.001503 -0.002035
-0.00201289 -0.0145656 0.999892
0.00152696 -0.999929 -0.0118254
0 3 0 0
0.004943 0.995057 0 0
0 0

-10.4504 -10.4832 79.8457
-0.999997 -0.002131 -0.000821
-0.000789866 -0.0145703 0.999894
0.00214131 -0.999916 -0.0127621
0 3 4 0
0.010591 0.988813 0.000596 0
1 0

-10.4932 9.5151 80.101
-0.999993 -0.000639 -0.003706
-0.0036963 -0.0145668 0.999887
0.000682796 -0.99993 -0.0118284
0 3 0 0
0.001368 0.998547 0 0
1 1

-10.4438 9.66167 70.0331
-0.999988 -1.4e-005 -0.004915
-0.00491427 -0.0145569 0.999882
6.29168e-005 -0.999951 -0.00995255
0 3 0 0
0.008855 0.991145 0 0
0 1

-10.4425 -10.3373 69.8341
0.001535 -0.99991 -0.013354
-0.000771886 -0.0133552 0.999911
0.999986 0.00146783 0.00503812
0 3 0 0
0.004943 0.995057 0 0
0 1

9.5571 -10.3373 69.9607
6.6e-005 -0.999946 -0.010436
-0.000766484 -0.010436 0.999945
0.99998 -1.02142e-007 0.00633392
0 3 0 0
0.003707 0.996293 0 0
0 -0

9.54949 -10.441 79.894
0.000681 -0.999932 -0.011657
-0.000774358 -0.0116575 0.999932
0.999987 0.000622434 0.00502696
0 3 0 0
0.06661 0.93339 0 0
1 0

-10.4504 -10.4832 79.8457
0.002146 -0.999892 -0.014569
-0.00078978 -0.0145707 0.999894
0.999995 0.00211102 0.00241585
0 3 4 0
0.010591 0.988813 0.000596 0
1 1

9.53055 9.68499 70.1501
0.00609 0.00971 -0.999934
0.00090565 -0.999952 -0.00970466
0.999981 0.000389937 0.00609407
2 3 0 0
0.000947 0.999053 0 0
0 0

9.5571 -10.3373 69.9607
0.006334 0.009467 -0.999935
0.00132626 -0.999954 -0.00945878
0.99998 -3.42228e-009 0.00633428
0 3 0 0
0.003707 0.996293 0 0
1 -0

-10.4425 -10.3373 69.8341
0.00609 0.009709 -0.999934
0.000905644 -0.999953 -0.00970366
0.999981 0.000389937 0.00609407
0 3 0 0
0.004943 0.995057 0 0
1 1

-10.4438 9.66167 70.0331
0.005847 0.009953 -0.999933
6.2944e-005 -0.999951 -0.00995281
0.999982 0.00116744 0.00585891
0 3 0 0
0.008855 0.991145 0 0
0 1

-10.4932 9.5151 80.101
-0.002389 -0.012767 0.999916
-0.00214168 0.999916 0.0127619
0.999995 0.00211105 0.00241614
0 3 0 0
0.001368 0.998547 0 0
1 1

-10.4504 -10.4832 79.8457
-0.002389 -0.012767 0.999916
-0.00214167 0.999916 0.0127619
0.999995 0.00211105 0.00241614
0 3 4 0
0.010591 0.988813 0.000596 0
0 1

9.54949 -10.441 79.894
-0.002389 -0.012767 0.999916
-0.00214168 0.999916 0.0127619
0.999995 0.00211105 0.00241614
0 3 0 0
0.06661 0.93339 0 0
0 0

9.50666 9.55732 80.1493
-0.002389 -0.012767 0.999916
-0.00214171 0.999916 0.0127619
0.999995 0.00211105 0.00241614
0 3 0 0
0.015575 0.984421 0 0
1 0

0 1.6406 99.7186
1 -0 0
0 1 0
0 0 -1
0 4 0 0
0.004007 0.995993 0 0
1 1

-2e-006 -12.1077 99.7186
1 -0 0
0 1 0
0 0 -1
4 0 0 0
1 0 0 0
0 1

-1e-006 -12.1077 88.4659
1 -0 0
0 1 0
0 0 -1
3 4 0 0
0.039329 0.960671 0 0
0 0

1e-006 1.6406 88.4659
1 -0 0
0 1 0
0 0 -1
4 0 0 0
1 0 0 0
1 0

-1e-006 -12.1077 88.4659
0 0 -1
-1.38733e-007 -1 0
1 -1.64566e-007 0
3 4 0 0
0.039329 0.960671 0 0
1 0

-13.5219 -12.1077 88.4659
0 0 -1
-1.38733e-007 -1 0
1 -1.41056e-007 0
0 3 4 0
0.009971 0.000799 0.98923 0
1 1

-13.5219 1.6406 88.4659
0 0 -1
-1.38733e-007 -1 0
1 -1.64566e-007 0
3 4 0 0
0.008017 0.991983 0 0
0 1

1e-006 1.6406 88.4659
0 0 -1
-1.38733e-007 -1 0
1 -2.11585e-007 0
4 0 0 0
1 0 0 0
0 0

-13.5219 1.6406 88.4659
-1 0 0
0 -1 0
0 0 -1
3 4 0 0
0.008017 0.991983 0 0
0 0

-13.5219 -12.1077 88.4659
-1 0 0
0 -1 0
0 0 -1
0 3 4 0
0.009971 0.000799 0.98923 0
1 0

-13.5219 -12.1077 99.7186
-1 0 0
0 -1 0
0 0 -1
4 0 0 0
1 0 0 0
1 1

-13.5219 1.6406 99.7186
-1 0 0
0 -1 0
0 0 -1
4 0 0 0
1 0 0 0
0 1

-13.5219 -12.1077 88.4659
-0 -1 -0
-5.65006e-008 0 1
1 0 0
0 3 4 0
0.009971 0.000799 0.98923 0
0 1

-1e-006 -12.1077 88.4659
-0 -1 -0
-8.47509e-008 0 1
1 0 0
3 4 0 0
0.039329 0.960671 0 0
0 0

-2e-006 -12.1077 99.7186
-0 -1 -0
-5.65006e-008 0 1
1 0 0
4 0 0 0
1 0 0 0
1 0

-13.5219 -12.1077 99.7186
-0 -1 0
0 0 1
1 0 0
4 0 0 0
1 0 0 0
1 1

-13.5219 1.6406 99.7186
0 0 1
1.40979e-007 1 0
1 -1.64566e-007 0
4 0 0 0
1 0 0 0
1 1

-13.5219 -12.1077 99.7186
0 0 1
1.38733e-007 1 0
1 -1.41056e-007 0
4 0 0 0
1 0 0 0
0 1

-2e-006 -12.1077 99.7186
0 0 1
1.40979e-007 1 0
1 -1.64566e-007 0
4 0 0 0
1 0 0 0
0 0

0 1.6406 99.7186
0 0 1
1.45472e-007 1 0
1 -2.11585e-007 0
0 4 0 0
0.004007 0.995993 0 0
1 0

-13.5219 1.6406 88.4659
0 1 0
2.96226e-008 0 -1
1 0 0
3 4 0 0
0.008017 0.991983 0 0
1 1

-13.5219 1.6406 99.7186
0 1 0
0 0 -1
1 0 0
4 0 0 0
1 0 0 0
0 1

0 1.6406 99.7186
0 1 0
2.96226e-008 0 -1
1 0 0
0 4 0 0
0.004007 0.995993 0 0
0 0

1e-006 1.6406 88.4659
0 1 0
8.88678e-008 0 -1
1 0 0
4 0 0 0
1 0 0 0
1 0

0 1 2
2 3 0
4 5 6
6 7 4
8 9 10
10 11 8
12 13 14
14 15 12
16 17 18
18 19 16
20 21 22
22 23 20
24 25 26
26 27 24
28 29 30
30 31 28
32 33 34
34 35 32
36 37 38
38 39 36
40 41 42
42 43 40
44 45 46
46 47 44
48 49 50
50 51 48
52 53 54
54 55 52
56 57 58
58 59 56
60 61 62
62 63 60
64 65 66
66 67 64
68 69 70
70 71 68
72 73 74
74 75 72
76 77 78
78 79 76
80 81 82
82 83 80
84 85 86
86 87 84
88 89 90
90 91 88
92 93 94
94 95 92
