50
Belly
1 4.24264e-010 -4.24264e-010 0.0138184
4.24264e-010 3.42285e-008 1 -47.4096
4.24264e-010 -1 3.42285e-008 -6.39414
-0 0 -0 1

Chest
1 3.19304e-006 4.12715e-006 -0.0681686
-3.83056e-006 -0.0878869 0.996131 -53.7255
3.54341e-006 -0.996131 -0.0878869 6.84602
-0 0 -0 1

Head
3.12661e-006 -0.998257 0.05901 -4.69681
3.17875e-006 -0.05901 -0.998257 71.6133
1 3.29439e-006 3.00393e-006 -0.0698944
-0 0 -0 1

Hips
1 -0 0 -0.0679386
-0 2.02816e-007 1 -44.9824
0 -1 2.02816e-007 0.157669
-0 0 -0 1

Jaw
1 3.19458e-006 4.12709e-006 -0.0699751
-4.78659e-006 0.246213 0.969216 -68.8435
2.08009e-006 -0.969216 0.246213 -19.5525
-0 0 -0 1

Lankle_r
-0.756931 -0.639672 0.133694 9.31528
0.326953 -0.547832 -0.770053 2.75736
0.565824 -0.539165 0.623814 -6.26031
-0 0 -0 1

Lball_r
-0.918915 -0.394455 -0.00101982 10.9528
0.391293 -0.911216 -0.128744 -3.15892
0.0498543 -0.118703 0.991677 -1.25238
-0 0 -0 1

Lfings1
0.823783 -0.392957 -0.408616 -4.45124
-0.422435 0.0551831 -0.904712 57.5118
0.378062 0.9179 -0.12054 -2.02604
-0 0 -0 1

Lfings2
0.326707 -0.18478 -0.926887 35.0469
-0.87415 0.313787 -0.370674 45.5519
0.359338 0.93134 -0.0590089 -4.43103
-0 0 -0 1

Lfings3
0.931126 -0.353744 0.0887082 -34.088
-0.0617923 0.0866944 0.994317 -44.7068
-0.359424 -0.931316 0.0588648 4.40697
-0 0 -0 1

Lhand
-0.907261 -0.349251 0.234308 9.97753
0.282618 -0.918873 -0.275318 5.50302
0.311455 -0.183565 0.932362 -57.1453
-0 0 -0 1

Lhand1
-0.991461 -0.111375 0.0678331 21.3038
0.048975 -0.800105 -0.597857 28.5641
0.12086 -0.58943 0.798727 -46.1049
-0 0 -0 1

Lindex1
0.698886 -0.627624 -0.342997 -5.1801
-0.282214 0.198664 -0.938556 55.6276
0.657201 0.752742 -0.0382811 -12.6299
-0 0 -0 1

Lindex2
0.273483 -0.285484 -0.918535 35.6427
-0.702348 0.593193 -0.393483 43.175
0.657201 0.752742 -0.0382809 -12.6366
-0 0 -0 1

Lindex3
0.751061 -0.650497 0.112964 -31.58
-0.0604692 0.102604 0.992883 -44.54
-0.657458 -0.752546 0.0377269 12.588
-0 0 -0 1

Lloarm
-0.369702 -0.9291 0.00969516 7.04419
0.757772 -0.307533 -0.575504 20.2266
0.537683 -0.205418 0.817741 -56.3024
-0 0 -0 1

Lloleg
0.863247 -0.502812 0.0445639 -6.52102
0.12017 0.118959 -0.9856 21.453
0.49027 0.856171 0.163114 -9.0369
-0 0 -0 1

Loneck
-2.07552e-006 -0.473732 0.880669 -59.9354
4.86884e-006 -0.880669 -0.473732 32.2025
1 3.304e-006 4.13674e-006 -0.0681693
-0 0 -0 1

Lrib
1 3.19303e-006 4.12723e-006 -4.09285
-4.12725e-006 6.94629e-006 1 -59.4758
3.193e-006 -1 6.9463e-006 -5.38491
-0 0 -0 1

Lshldr
-0.0643392 -0.997928 6.62016e-006 1.59651
0.984896 -0.0635001 -0.161081 7.62949
0.160747 -0.0103573 0.986941 -64.5321
-0 0 -0 1

Lthumb2
-0.379426 0.784149 -0.491067 37.6244
-0.920077 -0.375679 0.11101 15.8638
-0.0974351 0.49394 0.86402 -38.7049
-0 0 -0 1

Lthumb3
-0.46423 0.776114 -0.426776 36.5428
-0.877598 -0.337975 0.339991 3.82733
0.119632 0.532372 0.838014 -41.2271
-0 -0 -0 1

Ltoe_r
-0.927094 -0.374826 0.00166618 11.1268
0.371678 -0.919866 -0.125306 -7.99794
0.0485005 -0.115551 0.992117 -1.22391
-0 0 -0 1

Luparm
0.106301 -0.986726 0.122764 -7.62293
0.815673 0.0159247 -0.578294 30.8057
0.568663 0.161609 0.806539 -56.2832
-0 0 -0 1

Luparm_orbit
-1 -1.43367e-011 -4.1702e-006 7.68935
-1.43367e-011 -1 6.8758e-006 1.10407
-4.1702e-006 6.8758e-006 1 -64.1451
0 0 -0 1

Lupleg
-0.350583 -0.935899 -0.0344062 2.73136
0.159183 -0.0233453 -0.986973 41.8579
0.922904 -0.351493 0.157164 -11.6051
-0 0 -0 1

Rankle_r
-0.769194 0.627647 -0.119996 -9.34615
-0.326973 -0.54792 -0.769982 2.80088
-0.549025 -0.553031 0.62668 -5.97921
0 0 -0 1

Rball_r
-0.91892 0.394442 0.00101688 -10.828
-0.391285 -0.911234 -0.128642 -3.10621
-0.0498154 -0.11861 0.991691 -1.24472
0 0 -0 1

Rfings1
0.869881 0.355514 0.341932 8.92424
-0.343248 -0.0615513 0.937226 -57.1799
0.354243 -0.932642 0.0684872 4.07709
-0 0 -0 1

Rfings2
0.413024 0.152439 0.897872 -31.4604
-0.848933 -0.292508 0.440173 -48.4028
0.329734 -0.944035 0.00859719 6.25694
-0 0 -0 1

Rfings3
0.931616 0.324533 -0.163613 37.846
-0.151928 -0.061208 -0.986494 42.0865
-0.330164 0.943892 -0.00771664 -6.27918
-0 0 0 1

Rhand
-0.972543 0.225814 -0.0562953 -21.0752
-0.176449 -0.873194 -0.454311 17.6909
-0.151747 -0.431903 0.889063 -51.2973
0 0 -0 1

Rhand1
-0.988995 0.146266 0.0222417 -25.764
-0.129616 -0.784124 -0.606918 27.0481
-0.0713315 -0.603121 0.794454 -44.6448
0 0 -0 1

Rindex1
0.748151 0.595697 0.292259 8.92405
-0.2058 -0.210416 0.955705 -54.589
0.630806 -0.775159 -0.0348281 15.6678
-0 0 -0 1

Rindex2
0.362893 0.255045 0.896248 -32.2739
-0.685852 -0.577998 0.442183 -45.0924
0.630806 -0.775159 -0.0348282 15.7176
-0 0 -0 1

Rindex3
0.76083 0.627366 -0.165979 34.3802
-0.151011 -0.0775865 -0.985483 41.8584
-0.631136 0.77485 0.0357092 -15.6877
-0 -0 0 1

Rloarm
0.484608 0.217942 -0.847146 56.9952
-0.801474 -0.27734 -0.529832 16.8992
-0.35042 0.935726 0.0402737 -9.44957
-0 -0 0 1

Rloleg
0.882569 0.467383 -0.0512417 6.76533
-0.120179 0.118878 -0.985609 21.4271
-0.454565 0.876026 0.161088 -8.70064
-0 -0 -0 1

Rrib
1 3.19303e-006 4.12723e-006 4.18419
-4.12725e-006 6.94629e-006 1 -59.6041
3.193e-006 -1 6.9463e-006 -5.38491
-0 0 -0 1

Rshldr
-0.0643448 0.997928 -7.21542e-006 -1.58773
-0.984897 -0.0635058 -0.161075 7.76286
-0.160742 -0.0103572 0.986942 -64.5102
0 0 -0 1

Rthumb1
-0.362627 -0.781915 0.507061 -37.9231
-0.928494 0.256419 -0.268604 -8.92831
0.0800052 -0.568206 -0.818988 42.0766
0 0 0 1

Rthumb2
-0.362627 -0.781915 0.50706 -37.8159
-0.93055 0.333447 -0.151295 -14.2314
-0.0507781 -0.526709 -0.848528 38.9604
0 0 -0 1

Rthumb3
-0.445657 -0.779578 0.440053 -36.574
-0.885906 0.45473 -0.0916087 -15.4398
-0.128689 -0.430672 -0.893287 38.1831
0 0 -0 1

Rtoe_r
-0.928842 0.370469 -0.00225754 -11.0383
-0.367293 -0.921641 -0.125195 -7.8959
-0.0484616 -0.115457 0.99213 -1.21643
0 0 -0 1

Ruparm
0.556742 0.0672169 -0.827961 57.2421
-0.829969 0.0036394 -0.557797 29.507
-0.0344801 0.997732 0.0578141 -5.04994
-0 -0 -0 1

Ruparm_orbit
-1 -1.47557e-011 -4.252e-006 -7.55301
-1.47557e-011 -1 6.9406e-006 1.10402
-4.252e-006 6.9406e-006 1 -64.1451
0 0 -0 1

Rupleg
-0.312444 0.949408 0.0316649 -2.37214
-0.164733 -0.0213237 -0.986108 41.8162
-0.935543 -0.31332 0.163062 -11.7754
0 0 -0 1

Shoulders
1 3.19303e-006 4.12723e-006 -0.0681686
-4.12725e-006 6.94629e-006 1 -61.9228
3.193e-006 -1 6.9463e-006 1.40884
-0 0 -0 1

Waist
0.998351 -0.057406 4.07703e-009 0.0525971
0.0138312 0.240539 0.970541 -44.3095
-0.0557148 -0.96894 0.240936 -11.0029
-0 0 -0 1

lthumb1
-0.379426 0.784149 -0.491067 37.5626
-0.918787 -0.256845 0.299769 7.05117
0.108935 0.564926 0.817919 -42.7633
-0 -0 -0 1

