<?xml version="1.0" encoding="utf-8"?>
<COLLADA xmlns="http://www.collada.org/2005/11/COLLADASchema" version="1.4.1">
  <asset>
    <contributor>
      <author></author>
      <authoring_tool>FBX COLLADA exporter</authoring_tool>
      <comments></comments>
    </contributor>
    <created>2012-12-05T23:25:22Z</created>
    <keywords></keywords>
    <modified>2012-12-05T23:25:22Z</modified>
    <revision></revision>
    <subject></subject>
    <title></title>
    <unit meter="0.025400" name="centimeter"></unit>
    <up_axis>Y_UP</up_axis>
  </asset>
  <library_geometries>
    <geometry id="Box001-lib" name="Box001Mesh">
      <mesh>
        <source id="Box001-POSITION">
          <float_array id="Box001-POSITION-array" count="96">
9.999800 10.000000 0.063334
9.999800 -10.000000 0.063334
-9.999800 -10.000000 -0.063334
-9.999800 10.000000 -0.063334
9.809799 10.000000 30.062737
-10.189800 10.000000 29.936069
-10.189801 -10.000000 29.936069
9.809798 -10.000000 30.062737
9.747096 -10.038763 39.962814
-10.252503 -10.038763 39.836147
-10.253763 9.960245 40.035202
9.745836 9.960245 40.161869
9.620436 -10.237821 59.961422
9.619176 9.761188 60.160480
-10.379164 -10.237821 59.834759
-10.380424 9.761188 60.033813
9.506656 9.557321 80.149284
9.549490 -10.441001 79.894043
9.557104 -10.337334 69.960739
9.530548 9.684993 70.150131
-10.443754 9.661674 70.033112
-10.493237 9.515100 80.100967
-10.442495 -10.337334 69.834061
-10.450403 -10.483222 79.845726
0.000001 1.640598 88.465919
0.000000 1.640598 99.718590
-0.000002 -12.107731 99.718590
-0.000001 -12.107731 88.465919
-13.521893 -12.107729 88.465919
-13.521891 1.640601 88.465919
-13.521893 -12.107729 99.718590
-13.521891 1.640601 99.718590
</float_array>
          <technique_common>
            <accessor source="#Box001-POSITION-array" count="32" stride="3">
              <param name="X" type="float"/>
              <param name="Y" type="float"/>
              <param name="Z" type="float"/>
            </accessor>
          </technique_common>
        </source>
        <source id="Box001-Normal0">
          <float_array id="Box001-Normal0-array" count="432">
0.006333 0.000000 -0.999980
0.006333 0.000000 -0.999980
0.006333 0.000000 -0.999980
0.006333 0.000000 -0.999980
0.006333 0.000000 -0.999980
0.006333 0.000000 -0.999980
-0.006333 0.000000 0.999980
-0.006333 0.000000 0.999980
-0.006333 0.000000 0.999980
-0.006333 0.000000 0.999980
-0.006333 0.000000 0.999980
-0.006333 0.000000 0.999980
0.000000 -1.000000 0.000000
0.000000 -1.000000 0.000000
0.000000 -1.000000 0.000000
0.000000 -1.000000 0.000000
0.000000 -1.000000 0.000000
0.000000 -1.000000 0.000000
0.999980 -0.000000 0.006333
0.999980 0.000000 0.006333
0.999980 -0.000000 0.006333
0.999980 -0.000000 0.006333
0.999980 -0.000000 0.006333
0.999980 -0.000000 0.006333
0.000000 1.000000 0.000000
0.000000 1.000000 0.000000
0.000000 1.000000 0.000000
0.000000 1.000000 0.000000
0.000000 1.000000 0.000000
0.000000 1.000000 0.000000
-0.999980 0.000000 -0.006333
-0.999980 0.000000 -0.006333
-0.999980 0.000000 -0.006333
-0.999980 0.000000 -0.006333
-0.999980 0.000000 -0.006333
-0.999980 0.000000 -0.006333
0.006333 0.009953 -0.999930
0.006333 0.009953 -0.999930
0.006333 0.009953 -0.999930
0.006333 0.009953 -0.999930
0.006333 0.009953 -0.999930
0.006333 0.009953 -0.999930
0.999980 -0.000000 0.006333
0.999980 -0.000000 0.006333
0.999980 -0.000000 0.006333
0.999980 -0.000000 0.006333
0.999980 -0.000000 0.006333
0.999980 -0.000000 0.006333
-0.006333 -0.009953 0.999930
-0.006333 -0.009953 0.999930
-0.006333 -0.009953 0.999930
-0.006333 -0.009953 0.999930
-0.006333 -0.009953 0.999930
-0.006333 -0.009953 0.999930
-0.000063 0.999951 0.009953
-0.000063 0.999950 0.009953
-0.000063 0.999951 0.009953
-0.000063 0.999951 0.009953
-0.000063 0.999950 0.009953
-0.000063 0.999951 0.009953
-0.999980 0.000000 -0.006333
-0.999980 0.000000 -0.006333
-0.999980 0.000000 -0.006333
-0.999980 0.000000 -0.006333
-0.999980 0.000000 -0.006333
-0.999980 0.000000 -0.006333
0.000063 -0.999951 -0.009953
0.000063 -0.999950 -0.009953
0.000063 -0.999950 -0.009953
0.000063 -0.999950 -0.009953
0.000063 -0.999951 -0.009953
0.000063 -0.999951 -0.009953
0.999997 0.001887 0.001266
0.999996 0.001304 0.002406
0.999997 0.001546 0.001932
0.999997 0.001546 0.001932
0.999997 0.002132 0.000789
0.999997 0.001887 0.001266
-0.001879 0.999900 0.014020
-0.002146 0.999892 0.014547
-0.001511 0.999910 0.013294
-0.001511 0.999910 0.013294
-0.001242 0.999918 0.012764
-0.001879 0.999900 0.014020
-0.999997 -0.001503 -0.002035
-0.999997 -0.002131 -0.000821
-0.999993 -0.000639 -0.003706
-0.999993 -0.000639 -0.003706
-0.999988 -0.000014 -0.004915
-0.999997 -0.001503 -0.002035
0.001535 -0.999910 -0.013354
0.000066 -0.999946 -0.010436
0.000681 -0.999932 -0.011657
0.000681 -0.999932 -0.011657
0.002146 -0.999892 -0.014569
0.001535 -0.999910 -0.013354
0.006090 0.009710 -0.999934
0.006334 0.009467 -0.999935
0.006090 0.009709 -0.999934
0.006090 0.009709 -0.999934
0.005847 0.009953 -0.999933
0.006090 0.009710 -0.999934
-0.002389 -0.012767 0.999916
-0.002389 -0.012767 0.999916
-0.002389 -0.012767 0.999916
-0.002389 -0.012767 0.999916
-0.002389 -0.012767 0.999916
-0.002389 -0.012767 0.999916
1.000000 -0.000000 0.000000
1.000000 -0.000000 0.000000
1.000000 -0.000000 0.000000
1.000000 -0.000000 0.000000
1.000000 -0.000000 0.000000
1.000000 -0.000000 0.000000
0.000000 0.000000 -1.000000
0.000000 0.000000 -1.000000
0.000000 0.000000 -1.000000
0.000000 0.000000 -1.000000
0.000000 0.000000 -1.000000
0.000000 0.000000 -1.000000
-1.000000 0.000000 0.000000
-1.000000 0.000000 0.000000
-1.000000 0.000000 0.000000
-1.000000 0.000000 0.000000
-1.000000 0.000000 0.000000
-1.000000 0.000000 0.000000
-0.000000 -1.000000 -0.000000
-0.000000 -1.000000 -0.000000
-0.000000 -1.000000 -0.000000
-0.000000 -1.000000 -0.000000
-0.000000 -1.000000 0.000000
-0.000000 -1.000000 -0.000000
0.000000 0.000000 1.000000
0.000000 0.000000 1.000000
0.000000 0.000000 1.000000
0.000000 0.000000 1.000000
0.000000 0.000000 1.000000
0.000000 0.000000 1.000000
0.000000 1.000000 0.000000
0.000000 1.000000 0.000000
0.000000 1.000000 0.000000
0.000000 1.000000 0.000000
0.000000 1.000000 0.000000
0.000000 1.000000 0.000000
</float_array>
          <technique_common>
            <accessor source="#Box001-Normal0-array" count="144" stride="3">
              <param name="X" type="float"/>
              <param name="Y" type="float"/>
              <param name="Z" type="float"/>
            </accessor>
          </technique_common>
        </source>
        <source id="Box001-UV0">
          <float_array id="Box001-UV0-array" count="192">
0.000000 1.000000
1.000000 0.000000
1.000000 1.000000
0.000000 1.000000
1.000000 0.000000
1.000000 1.000000
0.000000 0.000000
1.000000 1.000000
0.000000 1.000000
0.000000 0.000000
1.000000 1.000000
0.000000 1.000000
0.000000 0.000000
1.000000 1.000000
0.000000 1.000000
0.000000 1.000000
1.000000 0.000000
1.000000 1.000000
0.000000 0.000000
0.000000 0.000000
1.000000 0.000000
1.000000 0.000000
1.000000 0.000000
0.000000 0.000000
0.000000 0.000000
1.000000 1.000000
0.000000 1.000000
0.000000 1.000000
1.000000 -0.000000
1.000000 1.000000
1.000000 0.000000
0.000000 1.000000
0.000000 0.000000
1.000000 1.000000
0.000000 0.000000
1.000000 -0.000000
1.000000 1.000000
0.000000 -0.000000
1.000000 0.000000
1.000000 1.000000
0.000000 0.000000
1.000000 0.000000
1.000000 0.000000
0.000000 0.000000
1.000000 1.000000
0.000000 1.000000
0.000000 1.000000
0.000000 1.000000
0.000000 1.000000
0.000000 0.000000
1.000000 0.000000
1.000000 1.000000
0.000000 0.000000
1.000000 -0.000000
1.000000 1.000000
0.000000 1.000000
1.000000 1.000000
0.000000 1.000000
0.000000 0.000000
1.000000 0.000000
1.000000 0.000000
1.000000 1.000000
0.000000 1.000000
1.000000 1.000000
0.000000 1.000000
0.000000 0.000000
1.000000 -0.000000
0.000000 -0.000000
1.000000 1.000000
0.000000 0.000000
1.000000 0.000000
0.000000 1.000000
1.000000 1.000000
0.000000 0.000000
1.000000 0.000000
1.000000 0.000000
0.000000 1.000000
0.000000 0.000000
0.000000 0.000000
1.000000 1.000000
0.000000 1.000000
0.000000 1.000000
1.000000 0.000000
1.000000 1.000000
1.000000 1.000000
0.000000 0.000000
1.000000 0.000000
1.000000 1.000000
0.000000 0.000000
1.000000 0.000000
0.000000 1.000000
1.000000 1.000000
1.000000 0.000000
0.000000 0.000000
0.000000 1.000000
0.000000 1.000000
</float_array>
          <technique_common>
            <accessor source="#Box001-UV0-array" count="96" stride="2">
              <param name="S" type="float"/>
              <param name="T" type="float"/>
            </accessor>
          </technique_common>
        </source>
        <vertices id="Box001-VERTEX">
          <input semantic="POSITION" source="#Box001-POSITION"/>
        </vertices>
        <triangles count="48">
          <input semantic="VERTEX" offset="0" source="#Box001-VERTEX"/>
          <input semantic="NORMAL" offset="1" source="#Box001-Normal0"/>
          <input semantic="TEXCOORD" offset="2" set="0" source="#Box001-UV0"/>
          <p> 0 0 0 1 1 18 2 2 1 2 3 1 3 4 2 0 5 0 5 6 3 6 7 19 7 8 4 7 9 4 4 10 5 5 11 3 2 12 6 1 13 20 7 14 7 7 15 7 6 16 8 2 17 6 1 18 9 0 19 21 4 20 10 4 21 10 7 22 11 1 23 9 0 24 12 3 25 22 5 26 13 5 27 13 4 28 14 0 29 12 5 30 15 3 31 23 2 32 16 2 33 16 6 34 17 5 35 15 8 36 24 9 37 42 10 38 25 10 39 25 11 40 26 8 41 24 12 42 27 8 43 43 11 44 28 11 45 28 13 46 29 12 47 27 12 48 30 13 49 44 15 50 31 15 51 31 14 52 32 12 53 30 15 54 33 13 55 45 11 56 34 11 57 34 10 58 35 15 59 33 14 60 36 15 61 46 10 62 37 10 63 37 9 64 38 14 65 36 12 66 39 14 67 47 9 68 40 9 69 40 8 70 41 12 71 39 18 72 50 19 73 51 16 74 48 16 75 48 17 76 49 18 77 50 20 78 54 21 79 55 16 80 52 16 81 52 19 82 53 20 83 54 22 84 58 23 85 59 21 86 56 21 87 56 20 88 57 22 89 58 22 90 62 18 91 67 17 92 60 17 93 60 23 94 61 22 95 62 19 96 65 18 97 66 22 98 63 22 99 63 20 100 64 19 101 65 21 102 68 23 103 71 17 104 69 17 105 69 16 106 70 21 107 68 25 108 72 26 109 90 27 110 73 27 111 73 24 112 74 25 113 72 27 114 75 28 115 91 29 116 76 29 117 76 24 118 77 27 119 75 29 120 78 28 121 92 30 122 79 30 123 79 31 124 80 29 125 78 28 126 81 27 127 93 26 128 82 26 129 82 30 130 83 28 131 81 31 132 84 30 133 94 26 134 85 26 135 85 25 136 86 31 137 84 29 138 87 31 139 95 25 140 88 25 141 88 24 142 89 29 143 87</p>
        </triangles>
      </mesh>
    </geometry>
  </library_geometries>
  <library_controllers>
    <controller id="Box001Controller">
      <skin source="#Box001-lib">
        <bind_shape_matrix>0.000000 -1.000000 -0.000000 0.247753 -1.000000 -0.000000 -0.000000 0.000000 0.000000 0.000000 -1.000000 3.620579 0.000000 0.000000 0.000000 1.000000
</bind_shape_matrix>
        <source id="Box001Controller-Joints">
          <Name_array id="Box001Controller-Joints-array" count="4">
 Bone001 Bone002 Bone003 Bone004</Name_array>
          <technique_common>
            <accessor source="#Box001Controller-Joints-array" count="4">
              <param type="name"/>
            </accessor>
          </technique_common>
        </source>
        <source id="Box001Controller-Matrices">
          <float_array id="Box001Controller-Matrices-array" count="64">

0.000000 0.000000 -1.000000 3.620579 -1.000000 0.000000 -0.000000 0.247753 0.000000 1.000000 0.000000 -0.000000 0.000000 0.000000 0.000000 1.000000
0.000000 0.000000 -1.000000 -32.434929 -1.000000 -0.000000 -0.000000 0.247748 -0.000000 1.000000 -0.000000 0.000004 0.000000 0.000000 0.000000 1.000000
0.083375 -0.016999 -0.996373 -67.885920 -0.996518 -0.001883 -0.083355 -6.643485 -0.000459 0.999854 -0.017097 0.062241 0.000000 0.000000 0.000000 1.000000
0.062118 -0.017036 -0.997923 -76.431599 -0.998069 -0.001521 -0.062101 -5.015677 -0.000459 0.999854 -0.017097 0.062240 0.000000 0.000000 0.000000 1.000000</float_array>
          <technique_common>
            <accessor source="#Box001Controller-Matrices-array" count="4" stride="16">
              <param type="float4x4"/>
            </accessor>
          </technique_common>
        </source>
        <source id="Box001Controller-Weights">
          <float_array id="Box001Controller-Weights-array" count="54">

1.000000 1.000000 1.000000 1.000000 1.000000 1.000000 1.000000 1.000000 1.000000 1.000000 0.027621 0.972379 0.003428 0.996572 0.084740 0.915260
0.096069 0.903931 0.097106 0.902892 0.014456 0.985544 0.002262 0.997738 0.015575 0.984421 0.066610 0.933390 0.003707 0.996293 0.000947 0.999053
0.008855 0.991145 0.001368 0.998547 0.004943 0.995057 0.010591 0.988813 0.000596 1.000000 0.004007 0.995993 1.000000 0.039329 0.960671 0.009971
0.000799 0.989230 0.008017 0.991983 1.000000 1.000000</float_array>
          <technique_common>
            <accessor source="#Box001Controller-Weights-array" count="54">
              <param type="float"/>
            </accessor>
          </technique_common>
        </source>
        <joints>
          <input semantic="JOINT" source="#Box001Controller-Joints"/>
          <input semantic="INV_BIND_MATRIX" source="#Box001Controller-Matrices"/>
        </joints>
        <vertex_weights count="32">
          <input semantic="JOINT" offset="0" source="#Box001Controller-Joints"/>
          <input semantic="WEIGHT" offset="1" source="#Box001Controller-Weights"/>
          <vcount>1 1 1 1 1 1 1 1 1 2 2 2 2 2 2 2 2 2 2 2 2 2 2 3 1 2 1 2 3 2 1 1</vcount>
          <v>0 1 0 2 0 3 0 4 0 5 0 6 0 7 0 8 0 9 0 10 1 11 0 12 1 13 0 14 1 15 0 16 1 17 0 18 1 19 0 20 1 21 0 22 1 23 0 24 2 25 0 26 2 27 0 28 2 29 1 30 2 31 0 32 2 33 0 34 2 35 0 36 2 37 0 38 2 39 3 40 3 41 0 42 3 43 3 44 2 45 3 46 0 47 2 48 3 49 2 50 3 51 3 52 3 53</v>
        </vertex_weights>
      </skin>
    </controller>
  </library_controllers>
  <library_animations>
    <animation id="Bone001-anim" name="Bone001">
      <animation>
        <source id="Bone001-Matrix-animation-input">
          <float_array id="Bone001-Matrix-animation-input-array" count="101">

0.000000 0.033333 0.066667 0.100000 0.133333 0.166667 0.200000 0.233333 0.266667 0.300000 0.333333 0.366667 0.400000 0.433333 0.466667 0.500000
0.533333 0.566667 0.600000 0.633333 0.666667 0.700000 0.733333 0.766667 0.800000 0.833333 0.866667 0.900000 0.933333 0.966667 1.000000 1.033333
1.066667 1.100000 1.133333 1.166667 1.200000 1.233333 1.266667 1.300000 1.333333 1.366667 1.400000 1.433333 1.466667 1.500000 1.533333 1.566667
1.600000 1.633333 1.666667 1.700000 1.733333 1.766667 1.800000 1.833333 1.866667 1.900000 1.933333 1.966667 2.000000 2.033333 2.066667 2.100000
2.133333 2.166667 2.200000 2.233333 2.266667 2.300000 2.333333 2.366667 2.400000 2.433333 2.466667 2.500000 2.533333 2.566667 2.600000 2.633333
2.666667 2.700000 2.733333 2.766667 2.800000 2.833333 2.866667 2.900000 2.933333 2.966667 3.000000 3.033333 3.066667 3.100000 3.133333 3.166667
3.200000 3.233333 3.266667 3.300000 3.333333</float_array>
          <technique_common>
            <accessor source="#Bone001-Matrix-animation-input-array" count="101">
              <param name="TIME" type="float"/>
            </accessor>
          </technique_common>
        </source>
        <source id="Bone001-Matrix-animation-output-transform">
          <float_array id="Bone001-Matrix-animation-output-transform-array" count="1616">

0.000000 -1.000000 0.000000 0.247753 0.000000 0.000000 1.000000 0.000000 -1.000000 -0.000000 0.000000 3.620579 0.000000 0.000000 0.000000 1.000000
0.000000 -1.000000 0.000000 0.247753 0.000000 0.000000 1.000000 0.000000 -1.000000 -0.000000 0.000000 3.620579 0.000000 0.000000 0.000000 1.000000
0.001861 -0.999998 0.000000 0.247753 -0.000000 0.000000 1.000000 0.000000 -0.999998 -0.001861 -0.000000 3.620579 0.000000 0.000000 0.000000 1.000000
0.004159 -0.999991 0.000000 0.247753 -0.000000 0.000000 1.000000 0.000000 -0.999991 -0.004159 -0.000000 3.620579 0.000000 0.000000 0.000000 1.000000
0.007342 -0.999973 0.000000 0.247753 -0.000000 0.000000 1.000000 0.000000 -0.999973 -0.007342 -0.000000 3.620579 0.000000 0.000000 0.000000 1.000000
0.011394 -0.999935 -0.000000 0.247753 -0.000000 -0.000000 1.000000 0.000000 -0.999935 -0.011394 -0.000000 3.620579 0.000000 0.000000 0.000000 1.000000
0.016293 -0.999867 0.000000 0.247753 -0.000000 0.000000 1.000000 0.000000 -0.999867 -0.016293 -0.000000 3.620579 0.000000 0.000000 0.000000 1.000000
0.022022 -0.999757 -0.000000 0.247753 -0.000000 -0.000000 1.000000 0.000000 -0.999757 -0.022022 -0.000000 3.620579 0.000000 0.000000 0.000000 1.000000
0.028560 -0.999592 0.000000 0.247753 -0.000000 0.000000 1.000000 0.000000 -0.999592 -0.028560 -0.000000 3.620579 0.000000 0.000000 0.000000 1.000000
0.035888 -0.999356 0.000000 0.247753 -0.000000 0.000000 1.000000 0.000000 -0.999356 -0.035888 -0.000000 3.620579 0.000000 0.000000 0.000000 1.000000
0.043987 -0.999032 0.000000 0.247753 -0.000000 0.000000 1.000000 0.000000 -0.999032 -0.043987 -0.000000 3.620579 0.000000 0.000000 0.000000 1.000000
0.052835 -0.998603 0.000000 0.247753 -0.000000 0.000000 1.000000 0.000000 -0.998603 -0.052835 -0.000000 3.620579 0.000000 0.000000 0.000000 1.000000
0.062413 -0.998050 0.000000 0.247753 -0.000000 0.000000 1.000000 0.000000 -0.998050 -0.062413 -0.000000 3.620579 0.000000 0.000000 0.000000 1.000000
0.072700 -0.997354 0.000000 0.247753 -0.000000 0.000000 1.000000 0.000000 -0.997354 -0.072700 -0.000000 3.620579 0.000000 0.000000 0.000000 1.000000
0.083674 -0.996493 -0.000000 0.247753 -0.000000 -0.000000 1.000000 0.000000 -0.996493 -0.083674 -0.000000 3.620579 0.000000 0.000000 0.000000 1.000000
0.095313 -0.995447 0.000000 0.247753 -0.000000 0.000000 1.000000 0.000000 -0.995447 -0.095313 -0.000000 3.620579 0.000000 0.000000 0.000000 1.000000
0.107595 -0.994195 0.000000 0.247753 -0.000000 0.000000 1.000000 0.000000 -0.994195 -0.107595 -0.000000 3.620579 0.000000 0.000000 0.000000 1.000000
0.120497 -0.992714 -0.000000 0.247753 -0.000000 -0.000000 1.000000 0.000000 -0.992714 -0.120497 -0.000000 3.620579 0.000000 0.000000 0.000000 1.000000
0.133995 -0.990982 -0.000000 0.247753 -0.000000 -0.000000 1.000000 0.000000 -0.990982 -0.133995 -0.000000 3.620579 0.000000 0.000000 0.000000 1.000000
0.148064 -0.988978 0.000000 0.247753 -0.000000 0.000000 1.000000 0.000000 -0.988978 -0.148064 -0.000000 3.620579 0.000000 0.000000 0.000000 1.000000
0.162680 -0.986679 -0.000000 0.247753 -0.000000 -0.000000 1.000000 0.000000 -0.986679 -0.162680 -0.000000 3.620579 0.000000 0.000000 0.000000 1.000000
0.177817 -0.984064 0.000000 0.247753 -0.000000 0.000000 1.000000 0.000000 -0.984064 -0.177817 -0.000000 3.620579 0.000000 0.000000 0.000000 1.000000
0.193447 -0.981111 -0.000000 0.247753 -0.000000 -0.000000 1.000000 0.000000 -0.981111 -0.193447 -0.000000 3.620579 0.000000 0.000000 0.000000 1.000000
0.209545 -0.977799 0.000000 0.247753 -0.000000 0.000000 1.000000 0.000000 -0.977799 -0.209545 -0.000000 3.620579 0.000000 0.000000 0.000000 1.000000
0.226082 -0.974108 0.000000 0.247753 -0.000000 0.000000 1.000000 0.000000 -0.974108 -0.226082 -0.000000 3.620579 0.000000 0.000000 0.000000 1.000000
0.243028 -0.970019 -0.000000 0.247753 -0.000000 -0.000000 1.000000 0.000000 -0.970019 -0.243028 -0.000000 3.620579 0.000000 0.000000 0.000000 1.000000
0.260356 -0.965513 0.000000 0.247753 -0.000000 0.000000 1.000000 0.000000 -0.965513 -0.260356 -0.000000 3.620579 0.000000 0.000000 0.000000 1.000000
0.278035 -0.960571 0.000000 0.247753 -0.000000 0.000000 1.000000 0.000000 -0.960571 -0.278035 -0.000000 3.620579 0.000000 0.000000 0.000000 1.000000
0.296034 -0.955177 0.000000 0.247753 -0.000000 0.000000 1.000000 0.000000 -0.955177 -0.296034 -0.000000 3.620579 0.000000 0.000000 0.000000 1.000000
0.314322 -0.949317 0.000000 0.247753 -0.000000 -0.000000 1.000000 0.000000 -0.949317 -0.314322 -0.000000 3.620579 0.000000 0.000000 0.000000 1.000000
0.332867 -0.942974 -0.000000 0.247753 -0.000000 -0.000000 1.000000 0.000000 -0.942974 -0.332867 -0.000000 3.620579 0.000000 0.000000 0.000000 1.000000
0.351636 -0.936137 -0.000000 0.247753 -0.000000 -0.000000 1.000000 0.000000 -0.936137 -0.351636 -0.000000 3.620579 0.000000 0.000000 0.000000 1.000000
0.370598 -0.928793 0.000000 0.247753 -0.000000 0.000000 1.000000 0.000000 -0.928793 -0.370598 -0.000000 3.620579 0.000000 0.000000 0.000000 1.000000
0.389719 -0.920934 0.000000 0.247753 -0.000000 0.000000 1.000000 0.000000 -0.920934 -0.389719 -0.000000 3.620579 0.000000 0.000000 0.000000 1.000000
0.408966 -0.912550 0.000000 0.247753 -0.000000 0.000000 1.000000 0.000000 -0.912550 -0.408966 -0.000000 3.620579 0.000000 0.000000 0.000000 1.000000
0.428305 -0.903634 0.000000 0.247753 -0.000000 0.000000 1.000000 0.000000 -0.903634 -0.428305 -0.000000 3.620579 0.000000 0.000000 0.000000 1.000000
0.447702 -0.894183 0.000000 0.247753 -0.000000 -0.000000 1.000000 0.000000 -0.894183 -0.447702 -0.000000 3.620579 0.000000 0.000000 0.000000 1.000000
0.467124 -0.884192 0.000000 0.247753 -0.000000 -0.000000 1.000000 0.000000 -0.884192 -0.467124 -0.000000 3.620579 0.000000 0.000000 0.000000 1.000000
0.486537 -0.873660 0.000000 0.247753 -0.000000 -0.000000 1.000000 0.000000 -0.873660 -0.486537 -0.000000 3.620579 0.000000 0.000000 0.000000 1.000000
0.505907 -0.862588 0.000000 0.247753 -0.000000 -0.000000 1.000000 0.000000 -0.862588 -0.505907 -0.000000 3.620579 0.000000 0.000000 0.000000 1.000000
0.525202 -0.850977 -0.000000 0.247753 -0.000000 -0.000000 1.000000 0.000000 -0.850977 -0.525202 -0.000000 3.620579 0.000000 0.000000 0.000000 1.000000
0.544389 -0.838833 -0.000000 0.247753 -0.000000 -0.000000 1.000000 0.000000 -0.838833 -0.544389 -0.000000 3.620579 0.000000 0.000000 0.000000 1.000000
0.563435 -0.826160 -0.000000 0.247753 -0.000000 -0.000000 1.000000 0.000000 -0.826160 -0.563435 -0.000000 3.620579 0.000000 0.000000 0.000000 1.000000
0.582309 -0.812968 -0.000000 0.247753 -0.000000 -0.000000 1.000000 0.000000 -0.812968 -0.582309 -0.000000 3.620579 0.000000 0.000000 0.000000 1.000000
0.600979 -0.799265 0.000000 0.247753 -0.000000 0.000000 1.000000 0.000000 -0.799265 -0.600979 0.000000 3.620579 0.000000 0.000000 0.000000 1.000000
0.619416 -0.785063 0.000000 0.247753 -0.000000 0.000000 1.000000 0.000000 -0.785063 -0.619416 0.000000 3.620579 0.000000 0.000000 0.000000 1.000000
0.637590 -0.770376 0.000000 0.247753 -0.000000 0.000000 1.000000 0.000000 -0.770376 -0.637590 0.000000 3.620579 0.000000 0.000000 0.000000 1.000000
0.655472 -0.755219 0.000000 0.247753 -0.000000 0.000000 1.000000 0.000000 -0.755219 -0.655472 0.000000 3.620579 0.000000 0.000000 0.000000 1.000000
0.673036 -0.739609 0.000000 0.247753 -0.000000 0.000000 1.000000 0.000000 -0.739609 -0.673036 0.000000 3.620579 0.000000 0.000000 0.000000 1.000000
0.690256 -0.723565 0.000000 0.247753 -0.000000 0.000000 1.000000 0.000000 -0.723565 -0.690256 0.000000 3.620579 0.000000 0.000000 0.000000 1.000000
0.707107 -0.707107 0.000000 0.247753 -0.000000 0.000000 1.000000 0.000000 -0.707107 -0.707107 0.000000 3.620579 0.000000 0.000000 0.000000 1.000000
0.723565 -0.690256 0.000000 0.247753 -0.000000 0.000000 1.000000 0.000000 -0.690256 -0.723565 0.000000 3.620579 0.000000 0.000000 0.000000 1.000000
0.739609 -0.673036 0.000000 0.247753 -0.000000 0.000000 1.000000 0.000000 -0.673036 -0.739609 0.000000 3.620579 0.000000 0.000000 0.000000 1.000000
0.755219 -0.655472 0.000000 0.247753 -0.000000 0.000000 1.000000 0.000000 -0.655472 -0.755219 0.000000 3.620579 0.000000 0.000000 0.000000 1.000000
0.770376 -0.637589 0.000000 0.247753 -0.000000 0.000000 1.000000 0.000000 -0.637589 -0.770376 0.000000 3.620579 0.000000 0.000000 0.000000 1.000000
0.785063 -0.619416 0.000000 0.247753 -0.000000 0.000000 1.000000 0.000000 -0.619416 -0.785063 0.000000 3.620579 0.000000 0.000000 0.000000 1.000000
0.799265 -0.600979 0.000000 0.247753 -0.000000 0.000000 1.000000 0.000000 -0.600979 -0.799265 0.000000 3.620579 0.000000 0.000000 0.000000 1.000000
0.812968 -0.582309 0.000000 0.247753 -0.000000 0.000000 1.000000 0.000000 -0.582309 -0.812968 0.000000 3.620579 0.000000 0.000000 0.000000 1.000000
0.826160 -0.563435 0.000000 0.247753 -0.000000 0.000000 1.000000 0.000000 -0.563435 -0.826160 0.000000 3.620579 0.000000 0.000000 0.000000 1.000000
0.838833 -0.544389 0.000000 0.247753 -0.000000 0.000000 1.000000 0.000000 -0.544389 -0.838833 0.000000 3.620579 0.000000 0.000000 0.000000 1.000000
0.850977 -0.525202 0.000000 0.247753 -0.000000 0.000000 1.000000 0.000000 -0.525202 -0.850977 0.000000 3.620579 0.000000 0.000000 0.000000 1.000000
0.862588 -0.505907 0.000000 0.247753 -0.000000 0.000000 1.000000 0.000000 -0.505907 -0.862588 0.000000 3.620579 0.000000 0.000000 0.000000 1.000000
0.873660 -0.486537 -0.000000 0.247753 0.000000 -0.000000 1.000000 0.000000 -0.486537 -0.873660 0.000000 3.620579 0.000000 0.000000 0.000000 1.000000
0.884192 -0.467124 -0.000000 0.247753 0.000000 -0.000000 1.000000 0.000000 -0.467124 -0.884192 0.000000 3.620579 0.000000 0.000000 0.000000 1.000000
0.894183 -0.447702 -0.000000 0.247753 0.000000 -0.000000 1.000000 0.000000 -0.447702 -0.894183 0.000000 3.620579 0.000000 0.000000 0.000000 1.000000
0.903634 -0.428305 -0.000000 0.247753 0.000000 -0.000000 1.000000 0.000000 -0.428305 -0.903634 0.000000 3.620579 0.000000 0.000000 0.000000 1.000000
0.912550 -0.408966 -0.000000 0.247753 0.000000 -0.000000 1.000000 0.000000 -0.408966 -0.912550 0.000000 3.620579 0.000000 0.000000 0.000000 1.000000
0.920934 -0.389719 -0.000000 0.247753 0.000000 -0.000000 1.000000 0.000000 -0.389719 -0.920934 0.000000 3.620579 0.000000 0.000000 0.000000 1.000000
0.928793 -0.370598 -0.000000 0.247753 0.000000 -0.000000 1.000000 0.000000 -0.370598 -0.928793 0.000000 3.620579 0.000000 0.000000 0.000000 1.000000
0.936137 -0.351636 -0.000000 0.247753 0.000000 -0.000000 1.000000 0.000000 -0.351636 -0.936137 0.000000 3.620579 0.000000 0.000000 0.000000 1.000000
0.942974 -0.332866 -0.000000 0.247753 0.000000 -0.000000 1.000000 0.000000 -0.332866 -0.942974 0.000000 3.620579 0.000000 0.000000 0.000000 1.000000
0.949317 -0.314322 -0.000000 0.247753 0.000000 -0.000000 1.000000 0.000000 -0.314322 -0.949317 0.000000 3.620579 0.000000 0.000000 0.000000 1.000000
0.955178 -0.296034 -0.000000 0.247753 0.000000 -0.000000 1.000000 0.000000 -0.296034 -0.955178 0.000000 3.620579 0.000000 0.000000 0.000000 1.000000
0.960571 -0.278035 -0.000000 0.247753 0.000000 -0.000000 1.000000 0.000000 -0.278035 -0.960571 0.000000 3.620579 0.000000 0.000000 0.000000 1.000000
0.965513 -0.260356 -0.000000 0.247753 0.000000 -0.000000 1.000000 0.000000 -0.260356 -0.965513 0.000000 3.620579 0.000000 0.000000 0.000000 1.000000
0.970019 -0.243028 -0.000000 0.247753 0.000000 -0.000000 1.000000 0.000000 -0.243028 -0.970019 0.000000 3.620579 0.000000 0.000000 0.000000 1.000000
0.974108 -0.226081 -0.000000 0.247753 0.000000 -0.000000 1.000000 0.000000 -0.226081 -0.974108 0.000000 3.620579 0.000000 0.000000 0.000000 1.000000
0.977799 -0.209545 -0.000000 0.247753 0.000000 -0.000000 1.000000 0.000000 -0.209545 -0.977799 0.000000 3.620579 0.000000 0.000000 0.000000 1.000000
0.981111 -0.193447 -0.000000 0.247753 0.000000 -0.000000 1.000000 0.000000 -0.193447 -0.981111 0.000000 3.620579 0.000000 0.000000 0.000000 1.000000
0.984064 -0.177816 -0.000000 0.247753 0.000000 -0.000000 1.000000 0.000000 -0.177816 -0.984064 0.000000 3.620579 0.000000 0.000000 0.000000 1.000000
0.986679 -0.162680 -0.000000 0.247753 0.000000 -0.000000 1.000000 0.000000 -0.162680 -0.986679 0.000000 3.620579 0.000000 0.000000 0.000000 1.000000
0.988978 -0.148064 -0.000000 0.247753 0.000000 -0.000000 1.000000 0.000000 -0.148064 -0.988978 0.000000 3.620579 0.000000 0.000000 0.000000 1.000000
0.990982 -0.133995 -0.000000 0.247753 0.000000 -0.000000 1.000000 0.000000 -0.133995 -0.990982 0.000000 3.620579 0.000000 0.000000 0.000000 1.000000
0.992714 -0.120497 -0.000000 0.247753 0.000000 -0.000000 1.000000 0.000000 -0.120497 -0.992714 0.000000 3.620579 0.000000 0.000000 0.000000 1.000000
0.994195 -0.107595 -0.000000 0.247753 0.000000 -0.000000 1.000000 0.000000 -0.107595 -0.994195 0.000000 3.620579 0.000000 0.000000 0.000000 1.000000
0.995447 -0.095313 -0.000000 0.247753 0.000000 -0.000000 1.000000 0.000000 -0.095313 -0.995447 0.000000 3.620579 0.000000 0.000000 0.000000 1.000000
0.996493 -0.083674 -0.000000 0.247753 0.000000 -0.000000 1.000000 0.000000 -0.083674 -0.996493 0.000000 3.620579 0.000000 0.000000 0.000000 1.000000
0.997354 -0.072700 -0.000000 0.247753 0.000000 -0.000000 1.000000 0.000000 -0.072700 -0.997354 0.000000 3.620579 0.000000 0.000000 0.000000 1.000000
0.998050 -0.062413 -0.000000 0.247753 0.000000 -0.000000 1.000000 0.000000 -0.062413 -0.998050 0.000000 3.620579 0.000000 0.000000 0.000000 1.000000
0.998603 -0.052835 -0.000000 0.247753 0.000000 -0.000000 1.000000 0.000000 -0.052835 -0.998603 0.000000 3.620579 0.000000 0.000000 0.000000 1.000000
0.999032 -0.043986 -0.000000 0.247753 0.000000 -0.000000 1.000000 0.000000 -0.043986 -0.999032 0.000000 3.620579 0.000000 0.000000 0.000000 1.000000
0.999356 -0.035888 -0.000000 0.247753 0.000000 -0.000000 1.000000 0.000000 -0.035888 -0.999356 0.000000 3.620579 0.000000 0.000000 0.000000 1.000000
0.999592 -0.028560 -0.000000 0.247753 0.000000 -0.000000 1.000000 0.000000 -0.028560 -0.999592 0.000000 3.620579 0.000000 0.000000 0.000000 1.000000
0.999757 -0.022022 -0.000000 0.247753 0.000000 -0.000000 1.000000 0.000000 -0.022022 -0.999757 0.000000 3.620579 0.000000 0.000000 0.000000 1.000000
0.999867 -0.016293 -0.000000 0.247753 0.000000 -0.000000 1.000000 0.000000 -0.016293 -0.999867 0.000000 3.620579 0.000000 0.000000 0.000000 1.000000
0.999935 -0.011394 -0.000000 0.247753 0.000000 -0.000000 1.000000 0.000000 -0.011394 -0.999935 0.000000 3.620579 0.000000 0.000000 0.000000 1.000000
0.999973 -0.007343 -0.000000 0.247753 0.000000 -0.000000 1.000000 0.000000 -0.007343 -0.999973 0.000000 3.620579 0.000000 0.000000 0.000000 1.000000
0.999991 -0.004159 -0.000000 0.247753 0.000000 -0.000000 1.000000 0.000000 -0.004159 -0.999991 0.000000 3.620579 0.000000 0.000000 0.000000 1.000000
0.999998 -0.001861 -0.000000 0.247753 0.000000 -0.000000 1.000000 0.000000 -0.001861 -0.999998 0.000000 3.620579 0.000000 0.000000 0.000000 1.000000
1.000000 -0.000468 -0.000000 0.247753 0.000000 -0.000000 1.000000 0.000000 -0.000468 -1.000000 0.000000 3.620579 0.000000 0.000000 0.000000 1.000000
1.000000 0.000000 -0.000000 0.247753 0.000000 0.000000 1.000000 0.000000 0.000000 -1.000000 0.000000 3.620579 0.000000 0.000000 0.000000 1.000000</float_array>
          <technique_common>
            <accessor source="#Bone001-Matrix-animation-output-transform-array" count="101" stride="16">
              <param type="float4x4"/>
            </accessor>
          </technique_common>
        </source>
        <source id="Bone001-Interpolations">
          <Name_array id="Bone001-Interpolations-array" count="101">
 LINEAR LINEAR LINEAR LINEAR LINEAR LINEAR LINEAR LINEAR LINEAR LINEAR LINEAR
LINEAR LINEAR LINEAR LINEAR LINEAR LINEAR LINEAR LINEAR LINEAR LINEAR LINEAR LINEAR
LINEAR LINEAR LINEAR LINEAR LINEAR LINEAR LINEAR LINEAR LINEAR LINEAR LINEAR LINEAR
LINEAR LINEAR LINEAR LINEAR LINEAR LINEAR LINEAR LINEAR LINEAR LINEAR LINEAR LINEAR
LINEAR LINEAR LINEAR LINEAR LINEAR LINEAR LINEAR LINEAR LINEAR LINEAR LINEAR LINEAR
LINEAR LINEAR LINEAR LINEAR LINEAR LINEAR LINEAR LINEAR LINEAR LINEAR LINEAR LINEAR
LINEAR LINEAR LINEAR LINEAR LINEAR LINEAR LINEAR LINEAR LINEAR LINEAR LINEAR LINEAR
LINEAR LINEAR LINEAR LINEAR LINEAR LINEAR LINEAR LINEAR LINEAR LINEAR LINEAR LINEAR
LINEAR LINEAR LINEAR LINEAR LINEAR LINEAR</Name_array>
          <technique_common>
            <accessor source="#Bone001-Interpolations-array" count="101">
              <param type="name"/>
            </accessor>
          </technique_common>
        </source>
        <sampler id="Bone001-Matrix-animation-transform">
          <input semantic="INPUT" source="#Bone001-Matrix-animation-input"/>
          <input semantic="OUTPUT" source="#Bone001-Matrix-animation-output-transform"/>
          <input semantic="INTERPOLATION" source="#Bone001-Interpolations"/>
        </sampler>
        <channel source="#Bone001-Matrix-animation-transform" target="Bone001/matrix"/>
      </animation>
    </animation>
    <animation id="Bone002-anim" name="Bone002">
      <animation>
        <source id="Bone002-Matrix-animation-input">
          <float_array id="Bone002-Matrix-animation-input-array" count="101">

0.000000 0.033333 0.066667 0.100000 0.133333 0.166667 0.200000 0.233333 0.266667 0.300000 0.333333 0.366667 0.400000 0.433333 0.466667 0.500000
0.533333 0.566667 0.600000 0.633333 0.666667 0.700000 0.733333 0.766667 0.800000 0.833333 0.866667 0.900000 0.933333 0.966667 1.000000 1.033333
1.066667 1.100000 1.133333 1.166667 1.200000 1.233333 1.266667 1.300000 1.333333 1.366667 1.400000 1.433333 1.466667 1.500000 1.533333 1.566667
1.600000 1.633333 1.666667 1.700000 1.733333 1.766667 1.800000 1.833333 1.866667 1.900000 1.933333 1.966667 2.000000 2.033333 2.066667 2.100000
2.133333 2.166667 2.200000 2.233333 2.266667 2.300000 2.333333 2.366667 2.400000 2.433333 2.466667 2.500000 2.533333 2.566667 2.600000 2.633333
2.666667 2.700000 2.733333 2.766667 2.800000 2.833333 2.866667 2.900000 2.933333 2.966667 3.000000 3.033333 3.066667 3.100000 3.133333 3.166667
3.200000 3.233333 3.266667 3.300000 3.333333</float_array>
          <technique_common>
            <accessor source="#Bone002-Matrix-animation-input-array" count="101">
              <param name="TIME" type="float"/>
            </accessor>
          </technique_common>
        </source>
        <source id="Bone002-Matrix-animation-output-transform">
          <float_array id="Bone002-Matrix-animation-output-transform-array" count="1616">

1.000000 0.000000 0.000000 36.055508 -0.000000 1.000000 -0.000000 0.000004 -0.000000 0.000000 1.000000 0.000000 0.000000 0.000000 0.000000 1.000000
1.000000 0.000000 0.000000 36.055508 -0.000000 1.000000 -0.000000 0.000004 -0.000000 0.000000 1.000000 0.000000 0.000000 0.000000 0.000000 1.000000
1.000000 0.000000 0.000000 36.055508 -0.000000 1.000000 -0.000000 0.000004 -0.000000 0.000000 1.000000 0.000000 0.000000 0.000000 0.000000 1.000000
1.000000 0.000000 0.000000 36.055508 -0.000000 1.000000 -0.000000 0.000004 -0.000000 0.000000 1.000000 0.000000 0.000000 0.000000 0.000000 1.000000
1.000000 0.000000 0.000000 36.055508 -0.000000 1.000000 -0.000000 0.000004 -0.000000 0.000000 1.000000 0.000000 0.000000 0.000000 0.000000 1.000000
1.000000 0.000000 0.000000 36.055508 -0.000000 1.000000 -0.000000 0.000004 -0.000000 0.000000 1.000000 0.000000 0.000000 0.000000 0.000000 1.000000
1.000000 0.000000 0.000000 36.055508 -0.000000 1.000000 -0.000000 0.000004 -0.000000 0.000000 1.000000 0.000000 0.000000 0.000000 0.000000 1.000000
1.000000 0.000000 0.000000 36.055508 -0.000000 1.000000 -0.000000 0.000004 -0.000000 0.000000 1.000000 0.000000 0.000000 0.000000 0.000000 1.000000
1.000000 0.000000 0.000000 36.055508 -0.000000 1.000000 -0.000000 0.000004 -0.000000 0.000000 1.000000 0.000000 0.000000 0.000000 0.000000 1.000000
1.000000 0.000000 0.000000 36.055508 -0.000000 1.000000 -0.000000 0.000004 -0.000000 0.000000 1.000000 0.000000 0.000000 0.000000 0.000000 1.000000
1.000000 0.000000 0.000000 36.055508 -0.000000 1.000000 -0.000000 0.000004 -0.000000 0.000000 1.000000 0.000000 0.000000 0.000000 0.000000 1.000000
1.000000 0.000000 0.000000 36.055508 -0.000000 1.000000 -0.000000 0.000004 -0.000000 0.000000 1.000000 0.000000 0.000000 0.000000 0.000000 1.000000
1.000000 0.000000 0.000000 36.055508 -0.000000 1.000000 -0.000000 0.000004 -0.000000 0.000000 1.000000 0.000000 0.000000 0.000000 0.000000 1.000000
1.000000 0.000000 0.000000 36.055508 -0.000000 1.000000 -0.000000 0.000004 -0.000000 0.000000 1.000000 0.000000 0.000000 0.000000 0.000000 1.000000
1.000000 0.000000 0.000000 36.055508 -0.000000 1.000000 -0.000000 0.000004 -0.000000 0.000000 1.000000 0.000000 0.000000 0.000000 0.000000 1.000000
1.000000 0.000000 0.000000 36.055508 -0.000000 1.000000 -0.000000 0.000004 -0.000000 0.000000 1.000000 0.000000 0.000000 0.000000 0.000000 1.000000
1.000000 0.000000 0.000000 36.055508 -0.000000 1.000000 -0.000000 0.000004 -0.000000 0.000000 1.000000 0.000000 0.000000 0.000000 0.000000 1.000000
1.000000 0.000000 0.000000 36.055508 -0.000000 1.000000 -0.000000 0.000004 -0.000000 0.000000 1.000000 0.000000 0.000000 0.000000 0.000000 1.000000
1.000000 0.000000 0.000000 36.055508 -0.000000 1.000000 -0.000000 0.000004 -0.000000 0.000000 1.000000 0.000000 0.000000 0.000000 0.000000 1.000000
1.000000 0.000000 0.000000 36.055508 -0.000000 1.000000 -0.000000 0.000004 -0.000000 0.000000 1.000000 0.000000 0.000000 0.000000 0.000000 1.000000
1.000000 0.000000 0.000000 36.055508 -0.000000 1.000000 -0.000000 0.000004 -0.000000 0.000000 1.000000 0.000000 0.000000 0.000000 0.000000 1.000000
1.000000 0.000000 0.000000 36.055508 -0.000000 1.000000 -0.000000 0.000004 -0.000000 0.000000 1.000000 0.000000 0.000000 0.000000 0.000000 1.000000
1.000000 0.000000 0.000000 36.055508 -0.000000 1.000000 -0.000000 0.000004 -0.000000 0.000000 1.000000 0.000000 0.000000 0.000000 0.000000 1.000000
1.000000 0.000000 0.000000 36.055508 -0.000000 1.000000 -0.000000 0.000004 -0.000000 0.000000 1.000000 0.000000 0.000000 0.000000 0.000000 1.000000
1.000000 0.000000 0.000000 36.055508 -0.000000 1.000000 -0.000000 0.000004 -0.000000 0.000000 1.000000 0.000000 0.000000 0.000000 0.000000 1.000000
1.000000 0.000000 0.000000 36.055508 -0.000000 1.000000 -0.000000 0.000004 -0.000000 0.000000 1.000000 0.000000 0.000000 0.000000 0.000000 1.000000
1.000000 0.000000 0.000000 36.055508 -0.000000 1.000000 -0.000000 0.000004 -0.000000 0.000000 1.000000 0.000000 0.000000 0.000000 0.000000 1.000000
1.000000 0.000000 0.000000 36.055508 -0.000000 1.000000 -0.000000 0.000004 -0.000000 0.000000 1.000000 0.000000 0.000000 0.000000 0.000000 1.000000
1.000000 0.000000 0.000000 36.055508 -0.000000 1.000000 -0.000000 0.000004 -0.000000 0.000000 1.000000 0.000000 0.000000 0.000000 0.000000 1.000000
1.000000 0.000000 0.000000 36.055508 -0.000000 1.000000 -0.000000 0.000004 -0.000000 0.000000 1.000000 0.000000 0.000000 0.000000 0.000000 1.000000
1.000000 0.000000 0.000000 36.055508 -0.000000 1.000000 -0.000000 0.000004 -0.000000 0.000000 1.000000 0.000000 0.000000 0.000000 0.000000 1.000000
1.000000 0.000000 0.000000 36.055508 -0.000000 1.000000 -0.000000 0.000004 -0.000000 0.000000 1.000000 0.000000 0.000000 0.000000 0.000000 1.000000
1.000000 0.000000 0.000000 36.055508 -0.000000 1.000000 -0.000000 0.000004 -0.000000 0.000000 1.000000 0.000000 0.000000 0.000000 0.000000 1.000000
1.000000 0.000000 0.000000 36.055508 -0.000000 1.000000 -0.000000 0.000004 -0.000000 0.000000 1.000000 0.000000 0.000000 0.000000 0.000000 1.000000
1.000000 0.000000 0.000000 36.055508 -0.000000 1.000000 -0.000000 0.000004 -0.000000 0.000000 1.000000 0.000000 0.000000 0.000000 0.000000 1.000000
1.000000 0.000000 0.000000 36.055508 -0.000000 1.000000 -0.000000 0.000004 -0.000000 0.000000 1.000000 0.000000 0.000000 0.000000 0.000000 1.000000
1.000000 0.000000 0.000000 36.055508 -0.000000 1.000000 -0.000000 0.000004 -0.000000 0.000000 1.000000 0.000000 0.000000 0.000000 0.000000 1.000000
1.000000 0.000000 0.000000 36.055508 -0.000000 1.000000 -0.000000 0.000004 -0.000000 0.000000 1.000000 0.000000 0.000000 0.000000 0.000000 1.000000
1.000000 0.000000 0.000000 36.055508 -0.000000 1.000000 -0.000000 0.000004 -0.000000 0.000000 1.000000 0.000000 0.000000 0.000000 0.000000 1.000000
1.000000 0.000000 0.000000 36.055508 -0.000000 1.000000 -0.000000 0.000004 -0.000000 0.000000 1.000000 0.000000 0.000000 0.000000 0.000000 1.000000
1.000000 0.000000 0.000000 36.055508 -0.000000 1.000000 -0.000000 0.000004 -0.000000 0.000000 1.000000 0.000000 0.000000 0.000000 0.000000 1.000000
1.000000 0.000000 0.000000 36.055508 -0.000000 1.000000 -0.000000 0.000004 -0.000000 0.000000 1.000000 0.000000 0.000000 0.000000 0.000000 1.000000
1.000000 0.000000 0.000000 36.055508 -0.000000 1.000000 -0.000000 0.000004 -0.000000 0.000000 1.000000 0.000000 0.000000 0.000000 0.000000 1.000000
