ILLSKEL0
105
1 0 0 0
0 1 0 80.109
0 0 1 1.14725e-005
0 0 0 1

1 0 0 0
0 1 2.02816e-007 0
0 -2.02816e-007 1 0
0 0 0 1

1 0 0 0
0 1 0 0
0 0 1 0
0 0 0 1

1 0 0 0
0 1 0 0.0539703
0 0 1 -0.0137958
0 0 0 1

1 0 0 -0.186965
0 1 0 0.845368
0 0 1 -0.801846
0 0 0 1

1 0 0 0
0 1 0 2.79888e-009
0 0 1 4.77068e-007
0 0 0 1

1 0 0 0.104125
0 1 0 14.6767
0 0 1 -3.95904
0 0 0 1

1 0 0 0.12355
0 1 0 18.375
0 0 1 -0.756635
0 0 0 1

0.864361 -0.154122 0.478672 13.8659
-0.442994 0.217105 0.86984 -4.12484
-0.237983 -0.963904 0.119382 6.59302
0 0 0 1

0.83155 -0.552083 0.0610685 24.5634
-0.263132 -0.488364 -0.832023 1.32589
0.48917 0.675799 -0.55137 0.719811
0 0 0 1

0.773898 -0.402235 -0.489171 5.95708
-0.0447632 0.73573 -0.675794 -2.58866
0.631726 0.544893 0.551375 2.57092
0 0 0 1

0.3702 -0.589197 -0.718192 16.8573
0.88822 0.45093 0.0879049 -0.19104
0.272061 -0.670454 0.690271 1.52822
0 0 0 1

-0.282816 0.953806 -0.101335 5.80418
-0.941038 -0.255468 0.221774 -5.47437
0.185642 0.158081 0.969818 -4.04592
0 0 0 1

0.997054 -0.0766965 -7.7233e-009 3.59394
0.0766964 0.997054 -4.30836e-008 3.86391
1.76935e-008 4.14448e-008 1 -1.28471
0 0 0 1

-0.27414 0.960791 -0.0415735 3.52084
-0.954881 -0.266809 0.130442 -8.44948
0.114236 0.0754572 0.990584 -5.8333
0 0 0 1

0.999937 -0.0112305 2.86929e-006 3.41069
-0.0112305 -0.999937 0.000497581 2.84195
-2.7338e-006 -0.000497531 -1 -1.03127
0 0 0 1

0.952402 -0.304845 2.96056e-005 2.66449
-0.304845 -0.952402 0.000189103 -2.45879
-2.94746e-005 -0.000189142 -1 -0.0791113
0 0 0 1

-0.349492 0.936811 -0.0155187 -0.121437
-0.935096 -0.347718 0.0684615 -5.97981
0.0587393 0.0384382 0.997533 -1.16016
0 0 0 1

-0.272771 -0.962079 -5.71956e-007 4.9161
0.962079 -0.272771 5.65667e-007 3.61132
-6.92452e-007 -3.79313e-007 1 -1.66443
0 0 0 1

0.751368 -0.657567 0.0552362 3.74914
-0.65846 -0.752611 -0.00264067 -1.38233
0.0433077 -0.0343867 -0.99847 1.21362
0 0 0 1

0.902988 -0.343757 -0.257766 5.27296
0.336406 0.93884 -0.0735621 -0.441841
0.267288 -0.0202882 0.963403 0.113124
0 0 0 1

-0.247383 -4.91333e-007 0.968918 2.28464
0.968918 -6.06503e-008 0.247383 -0.770804
-4.22296e-008 1 5.26283e-007 -0.851593
0 0 0 1

1 0 0 0.022523
0 1 0 9.73335
0 0 1 10.9134
0 0 0 1

1 0 0 -0.0632323
0 1 0 5.98299
0 0 1 4.03574
0 0 0 1

1 0 0 -0.00194723
0 1 0 2.19503
0 0 1 8.44257
0 0 0 1

1 0 0 -0.0565132
0 1 0 -6.7936
0 0 1 5.33608
0 0 0 1

0.864361 -0.117691 0.488906 -13.9473
0.442994 -0.2819 -0.851051 -4.12489
0.237983 0.952198 -0.191527 6.59301
0 0 0 1

0.984305 -0.0498312 -0.169294 -24.5633
-0.172412 -0.0668559 -0.982753 -1.3763
0.0376534 0.996517 -0.074398 -0.618103
0 0 0 1

0.853285 -0.498133 -0.154172 -6.85779
-0.0258379 0.254909 -0.96662 0.230112
0.520805 0.828785 0.204639 -1.31009
0 0 0 1

-0.130559 -0.990374 -0.0459686 -16.8965
0.929574 -0.106159 -0.353018 -0.988775
0.34474 -0.0888209 0.934487 -0.266316
0 0 0 1

-0.977258 0.19329 -0.0872074 -2.14798
-0.212052 -0.891469 0.400396 8.65959
-0.000350003 0.409783 0.912183 -0.650383
0 0 0 1

0.989119 -0.0487867 0.138793 -0.190014
0.0852525 0.958943 -0.270482 -5.41811
-0.119899 0.279371 0.952668 0.324478
0 0 0 1

-0.841132 -0.171181 0.513025 1.42364
0.248892 -0.964689 0.0861832 10.6829
0.480156 0.200179 0.854036 -1.28958
0 0 0 1

0.999706 0.0110669 -0.0216004 0.0711875
0.0196226 -0.892308 0.451 -4.3746
-0.0142831 -0.451291 -0.892263 -1.27733
0 0 0 1

0.996143 0.0311999 -0.0820162 -0.0762232
0.0575812 -0.937696 0.342653 3.61726
-0.0662156 -0.346054 -0.935875 0.246295
0 0 0 1

-0.528314 0.00820867 0.849009 2.46509
0.432938 -0.857583 0.277696 4.61819
0.730376 0.514279 0.449519 -3.11657
0 0 0 1

-0.963875 -0.0438779 0.262717 0.342686
-0.0151653 -0.975697 -0.218597 -6.25294
0.265923 -0.214684 0.939785 0.87382
0 0 0 1

0.604528 -0.796278 0.0220699 -3.24517
-0.516894 -0.413202 -0.749723 1.87647
0.606107 0.441821 -0.661384 -1.84039
0 0 0 1

0.992176 -0.124745 0.0049693 -5.273
0.101226 0.780546 -0.616848 0.416737
0.0730698 0.612526 0.787066 -0.185473
0 0 0 1

-0.0545604 -0.0526004 0.997124 -2.51971
0.997012 -0.0575632 0.0515176 0.388614
0.0546878 0.996955 0.0555839 0.197586
0 0 0 1

-0.327918 -0.943188 -0.0535365 10.8747
0.930864 -0.332259 0.151974 13.3029
-0.161128 -1.48038e-007 0.986933 3.61581
0 0 0 1

-0.332259 0.943188 -9.74044e-008 16.246
-0.943188 -0.332259 -8.5383e-008 5.19989
-1.28356e-007 5.32056e-008 1 9.27988
0 0 0 1

0.491815 0.870358 -0.0243987 -12.9109
0.868547 -0.492376 -0.0565 12.8506
-0.0611885 0.00659617 -0.998104 3.54252
0 0 0 1

0.396436 0.918062 7.56438e-005 19.269
0.918062 -0.396436 -0.000114949 3.89527
-7.55653e-005 0.000114997 -1 -7.78231
0 0 0 1

-0.170083 -0.942854 -0.286529 12.0903
0.192708 0.253327 -0.947992 10.5038
0.966403 -0.216454 0.138609 10.3545
0 0 0 1

-0.46441 2.74843e-007 0.88562 13.6155
-0.88562 3.54046e-007 -0.46441 5.0945
-4.09411e-007 -1 7.28972e-008 -0.674383
0 0 0 1

0.915152 0.287222 0.282844 -4.73584
0.314531 -0.94763 -0.0553793 15.0876
0.252126 0.139644 -0.957566 22.2731
0 0 0 1

1 0 0 0
0 0.934122 -0.356953 -1.79974
0 0.356953 0.934122 0.222096
0 0 0 1

1 0 0 9.54956
0 0.934122 0.356953 -4.76223
0 -0.356953 0.934122 -0.21599
0 0 0 1

1 0 0 3.54272
0 1 0 -29.1773
0 0 1 12.0531
0 0 0 1

1 0 0 1.01054
0 1 0 -15.4324
0 0 1 -15.1805
0 0 0 1

1 0 0 2.17658
0 1 0 -19.3806
0 0 1 6.85062
0 0 0 1

0.988071 -2.51497e-009 0.154001 -0.276125
7.70842e-009 1 -2.05081e-008 -5.53252
-0.154001 2.13001e-008 0.988071 3.25364
0 0 0 1

-0.215729 0.105772 0.970708 -4.09153
-0.239379 -0.969509 0.052442 -1.10335
0.946657 -0.221054 0.23447 9.78847
0 0 0 1

5.76675e-008 -0.332821 0.94299 2.09338
3.54796e-007 -0.94299 -0.332821 -5.76346e-008
1 3.24568e-007 2.19741e-008 2.27204e-007
0 0 0 1

-0.0464179 0.0199182 0.998724 -0.140465
-0.128601 -0.991601 0.0137991 -0.865068
0.99061 -0.127796 0.0485895 10.1778
0 0 0 1

1.58809e-007 -0.12934 0.9916 3.71689
8.73003e-007 -0.9916 -0.12934 -6.42123e-007
1 8.92691e-007 -3.45979e-008 -3.27454e-008
0 0 0 1

0.988071 8.55988e-009 -0.154001 4.31991
-7.28661e-009 1 2.14506e-008 -2.67991
0.154001 -2.02231e-008 0.988071 -0.712702
0 0 0 1

0.587902 0.0248221 0.808551 4.49696
-0.0489372 -0.996607 0.0661778 -0.0758924
0.80745 -0.0784743 -0.584693 7.29143
0 0 0 1

7.47879e-008 -0.0605011 0.998168 1.84312
5.94284e-006 -0.998168 -0.0605012 -0.0194577
1 5.9714e-006 2.54346e-007 0.135509
0 0 0 1

0.124741 -0.0274824 0.991809 3.22168
-0.20598 -0.978556 -0.0012088 -1.53648
0.970573 -0.204142 -0.127727 10.0665
0 0 0 1

2.47002e-008 -0.214096 0.976812 2.89265
1.80555e-007 -0.976813 -0.214096 1.39879e-007
1 1.90806e-007 1.57778e-008 -3.59279e-007
0 0 0 1

-0.644125 -0.756954 0.110109 -3.23619
-0.168499 -3.59941e-007 -0.985702 -2.04784
0.746131 -0.653469 -0.127546 -3.12103
0 0 0 1

-0.529101 -8.53319e-007 0.848559 6.13696
-0.848559 -2.41515e-007 -0.529101 8.8718e-007
6.56968e-007 -1 -5.85337e-007 -3.58712e-006
0 0 0 1

1 0 0 -1.97159
0 1 0 3.13868
0 0 1 -4.34312
0 0 0 1

1.18848e-007 -1.75617e-007 -1 0.664464
-0.388972 -0.92125 1.18848e-007 -6.46443
-0.92125 0.388972 -1.75617e-007 -2.24567
0 0 0 1

0.972206 -0.234129 4.88652e-008 2.81276
0.234129 0.972206 -1.3149e-008 -8.6308e-008
-3.75267e-008 2.71869e-008 1 -8.22205e-007
0 0 0 1

1.47971e-007 -0.593852 -0.804574 3.00594
-1.07747e-007 -0.804574 0.593852 7.62295e-007
-1 2.01004e-009 -1.81428e-007 6.74513e-007
0 0 0 1

1 -5.61476e-015 4.44063e-008 -9.68414
-1.5851e-008 0.934122 0.356953 -4.75989
-4.14809e-008 -0.356953 0.934122 -0.071035
0 0 0 1

1 1.51671e-023 -6.8786e-022 -3.20776
1.51671e-023 1 -1.58819e-022 -28.9938
-1.13876e-021 -2.38228e-022 1 11.8308
0 0 0 1

1 1.51671e-023 -6.8786e-022 -0.925771
1.51671e-023 1 -1.58819e-022 -15.4355
-1.13876e-021 -2.38228e-022 1 -15.3149
0 0 0 1

1 4.91151e-015 9.05891e-016 -2.46171
5.61476e-015 -1 2.37044e-007 -19.5115
3.55271e-015 -2.37044e-007 -1 7.0711
0 0 0 1

0.997244 0.0741871 -4.48013e-008 1.92401
0.0669138 -0.899475 0.431819 -3.13868
0.0320354 -0.430629 -0.90196 4.34312
0 0 0 1

-0.0559039 -0.0487696 -0.997244 -0.110685
0.751477 0.655576 -0.0741871 -6.82741
0.657387 -0.753553 1.57133e-008 0.765958
0 0 0 1

0.97585 -0.218442 7.78988e-008 -2.81276
0.218442 0.97585 8.39437e-008 -4.24709e-006
-1.07367e-007 -3.33029e-008 1 1.61173e-007
0 0 0 1

3.42048e-008 -0.593852 -0.804574 -3.00595
-1.7985e-008 -0.804574 0.593852 5.0137e-006
-1 -1.8195e-009 -4.62567e-008 -1.09007e-006
0 0 0 1

0.990191 3.3975e-005 -0.139722 0.452678
-3.40008e-005 -1 -0.000484149 5.53252
-0.139722 0.000484151 -0.990191 -3.25365
0 0 0 1

-0.202041 0.102569 0.973991 3.77496
0.239378 0.969509 -0.0524414 -1.10335
-0.949672 0.222557 -0.220433 9.87122
0 0 0 1

1.31234e-007 -0.332821 0.94299 -2.09338
6.39648e-007 -0.94299 -0.332821 -4.13382e-006
1 6.39961e-007 9.83598e-008 -2.91252e-005
0 0 0 1

-0.0321135 0.0180716 0.999321 -0.181317
0.128601 0.9916 -0.0137993 -0.865075
-0.991176 0.128071 -0.0341677 10.2034
0 0 0 1

-1.44679e-008 -0.101133 0.994873 -3.71687
1.45207e-006 -0.994873 -0.101133 7.51798e-006
1 1.43361e-006 1.70996e-007 5.63394e-005
0 0 0 1

0.912845 0.000101072 0.408307 -4.484
-0.000101264 -1 0.000473973 -2.67991
0.408307 -0.000474012 -0.912844 -0.75032
0 0 0 1

0.0684195 0.0627554 0.995681 0.0696859
-0.0489366 -0.996607 0.0661765 0.0758879
0.996456 -0.053253 -0.0651164 -8.5664
0 0 0 1

-3.76196e-008 -0.0604952 0.998168 -1.84308
5.27389e-008 -0.998168 -0.0604952 0.0194554
1 4.78755e-008 5.03529e-008 -0.135497
0 0 0 1

0.13887 -0.0298196 0.989862 -3.54149
0.201701 0.979446 0.00120868 -1.53648
-0.969552 0.199488 0.14203 10.0436
0 0 0 1

1.6645e-007 -0.214096 0.976813 -2.89268
1.85006e-007 -0.976813 -0.214096 -3.31845e-006
1 2.09758e-007 -1.32481e-007 2.30389e-005
0 0 0 1

-0.633287 -0.766308 0.108256 3.10607
0.168499 -1.23785e-007 0.985702 -2.04784
-0.755351 0.642474 0.129122 -3.04932
0 0 0 1

-0.529101 8.9232e-008 0.848559 -6.13697
-0.848559 -7.55087e-009 -0.529101 2.50441e-006
-5.64918e-008 -1 6.78105e-008 -2.38474e-006
0 0 0 1

1 0 0 -0.213136
0 0.965382 0.260841 -3.81743
0 -0.260841 0.965382 11.8123
0 0 0 1

0.989258 0.146179 2.4833e-005 -0.0189178
0.146179 -0.989258 -0.000337621 -9.4852
-2.47929e-005 0.000337624 -1 16.6895
0 0 0 1

1 0 0 -0.0459816
0 0.965382 0.260841 -3.79671
0 -0.260841 0.965382 12.1448
0 0 0 1

9.55799e-008 9.678e-008 1 0.0412097
-0.998204 -0.0598984 1.00353e-007 -0.329812
0.0598984 -0.998204 9.92131e-008 0.0631316
0 0 0 1

0.999994 -0.00345506 -6.24606e-008 0.151981
0.00345506 0.999994 -6.95858e-009 -0.0998583
6.13821e-008 1.36555e-008 1 -1.56142e-009
0 0 0 1

0.997164 -0.0752576 6.00561e-008 0.0561253
0.0752576 0.997164 1.28326e-008 -0.0197284
-6.25957e-008 6.31118e-009 1 -3.65662e-009
0 0 0 1

5.16518e-008 -1 -2.60212e-007 0.737744
7.31828e-008 2.74672e-007 -1 -0.0394624
1 5.00242e-008 8.63999e-008 -3.53488e-009
0 0 0 1

6.91421e-008 -0.999822 -0.0188485 0.28296
5.73233e-008 0.0188485 -0.999822 0.515628
1 6.6173e-008 7.18005e-008 2.71683
0 0 0 1

6.91421e-008 -0.999822 -0.0188485 0.0147421
5.73233e-008 0.0188485 -0.999822 0.359377
1 6.6173e-008 7.18005e-008 -2.71602
0 0 0 1

1 0 0 3.34412
0 1 0 -0.181535
0 0 1 -0.929092
0 0 0 1

0.050296 -0.998734 0.000137801 -3.38573
-0.998734 -0.050296 0.000144964 -0.138535
-0.000137851 -0.000144911 -1 -0.929091
0 0 0 1

1 0 0 -0.00477187
0 0.965382 0.260841 -5.05625
0 -0.260841 0.965382 3.01712
0 0 0 1

5.35695e-008 -5.70976e-007 1 0
0.225891 -0.974153 -5.65388e-007 0.445257
0.974153 0.225891 7.98321e-008 1.12234
0 0 0 1

0.941087 -0.338165 -1.17861e-007 2.50669
0.338165 0.941087 -4.63171e-008 -6.63751e-007
1.13376e-007 1.60853e-008 1 3.61175e-008
0 0 0 1

0.958875 -0.283827 1.23178e-007 1.81733
0.283827 0.958875 4.80987e-008 1.99936e-006
-1.11911e-007 -3.70716e-008 1 -2.41763e-007
0 0 0 1

0.998827 -0.048428 -7.37238e-008 1.88664
0.0484281 0.998827 -3.61969e-008 -5.89886e-006
6.45033e-008 4.64725e-008 1 -9.02517e-008
0 0 0 1

1.25718e-007 -0.43797 0.89899 1.53528
1.83823e-007 -0.89899 -0.43797 1.92607e-007
1 2.19831e-007 -3.35755e-008 -1.74992e-007
0 0 0 1

1
2
-1
0
5
3
4
6
7
8
9
10
11
12
11
14
15
11
17
11
19
20
7
22
22
24
7
26
27
28
29
30
29
32
33
29
35
29
37
38
6
40
6
42
4
44
4
3
47
48
49
50
51
52
53
52
55
52
57
58
52
60
52
62
51
64
65
66
47
68
69
70
71
72
73
74
71
76
77
76
79
76
81
82
76
84
76
86
25
24
25
90
91
92
93
93
93
90
90
25
99
100
101
102
103
body
origin
<MD5_Root>
body2
waist
SPINNER
chest
loneck
luparm
lloarm
lwrist
lhand
lindex1
lindex2
lmiddle1
lmiddle2
lmiddle3
lpinky1
lpinky2
lthumb1
lthumb2
lthumb3
neck
forehead2
head
jaw
ruparm
rloarm
rwrist
rhand
rindex1
rindex2
rmiddle1
rmiddle2
rmiddle3
rpinky1
rpinky2
rthumb1
rthumb2
rthumb3
lupmuscle1
lupmuscle2
rupmuscle1
rupmuscle2
lrib2
lrib3
rrib3
hips
lupleg
lloleg
lankle
lfoot
joint8
lindtoe1
lindtoe2
lmidtoe1
lmidtoe2
lpinktoe1
lpinktoe2
lpinktoe3
lringtoe1
lringtoe2
lthumbtoe1
lthumbtoe2
lbacktoe1
lbacktoe2
lbacktoe3
lbacktoe4
rupleg
rloleg
rankle
rfoot
joint7
rbacktoe1
rbacktoe2
rbacktoe3
joint9
rindtoe1
rindtoe2
rmidtoe1
rmidtoe2
rpinktoe1
rpinktoe2
rpinktoe3
rringtoe1
rringtoe2
rthumbtoe1
rthumbtoe2
losaliva
upsaliva
drool
drool1
drool2
drool3
drool4
drool5
drool6
joint13
joint14
backtongue
tongue
tongue2
tongue3
tongue4
tongue5
